G_down: 9 10
  0.35   0.31   0.73   0.32   0.40   0.79   0.89   0.47   0.76   0.41 
  0.92   0.22   0.65   0.75   0.67   0.19   0.92   0.77   0.35   0.44 
  0.28   0.44   0.81   0.59   0.47   0.12   0.39   0.26   0.89   0.89 
  0.15   0.95   0.23   0.87   0.34   0.36   0.69   0.79   0.32   0.91 
  0.71   0.78   0.69   0.94   0.66   0.94   0.77   0.63   0.65   0.79 
  0.61   0.38   0.88   0.90   0.43   0.65   0.61   0.53   0.32   0.69 
  0.23   0.42   0.74   0.41   0.57   0.90   0.34   0.61   0.35   0.24 
  0.26   0.13   0.82   0.51   0.30   0.19   0.87   0.14   0.24   0.26 
  0.89   0.78   0.61   0.93   0.58   0.16   0.53   0.37   0.41   0.95 
---
G_right: 10 9
  0.75   0.12   0.85   0.43   0.58   0.26   0.13   0.48   0.86 
  0.28   0.65   0.33   0.96   0.24   0.47   0.92   0.29   0.61 
  0.50   0.58   0.64   0.53   0.51   0.87   0.47   0.56   0.83 
  0.21   0.55   0.68   0.70   0.61   0.10   0.93   0.16   0.57 
  0.29   0.27   0.19   0.32   0.94   0.24   0.72   0.19   0.75 
  0.17   0.10   0.24   0.80   0.38   0.81   0.83   0.95   0.44 
  0.80   0.31   0.88   0.54   0.27   0.63   0.23   0.75   0.22 
  0.77   0.32   0.70   0.30   0.96   0.97   0.72   0.87   0.21 
  0.91   0.75   0.49   0.76   0.88   0.31   0.59   0.69   0.33 
  0.33   0.70   0.69   0.71   0.34   0.54   0.16   0.82   0.18 
---
G_diag: 9 9
  8.42   5.96   9.01   4.99   6.16   9.22   9.56   8.42   4.90 
  3.06   4.77   8.99   5.91   5.42   4.36   8.77   9.50   6.97 
  8.53   5.53   7.63   3.43   4.78   9.66   5.68   8.81   3.40 
  4.14   3.57   8.50   8.21   7.88   4.96   7.31   7.18   5.88 
  9.77   4.63   2.22   8.13   7.45   4.54   3.33   4.79   8.07 
  6.21   2.39   8.95   2.22   3.82   6.90   5.60   6.26   8.72 
  9.78   8.12   5.53   9.29   2.57   7.31   2.88   9.45   7.87 
  5.96   2.94   5.24   4.68   9.30   6.81   2.28   2.19   3.73 
  7.83   9.25   3.69   8.00   4.24   3.22   5.11   6.87   8.83 
---
