G_down: 9 10
  0.62   0.71   0.97   0.13   0.76   0.41   0.88   0.56   0.29   0.23 
  0.79   0.83   0.53   0.36   0.47   0.36   0.18   0.15   0.91   0.39 
  0.37   0.28   0.92   0.12   0.58   0.30   0.50   0.78   0.45   0.93 
  0.76   0.55   0.69   0.54   0.50   0.54   0.26   0.22   0.60   0.11 
  0.75   0.96   0.50   0.32   0.77   0.38   0.79   0.87   0.37   0.98 
  0.48   0.50   0.48   0.27   0.19   0.83   0.17   0.70   0.79   0.94 
  0.44   0.57   0.63   0.36   0.86   0.29   0.26   0.99   0.51   0.39 
  0.72   0.59   0.63   0.31   0.39   0.62   0.19   0.18   0.24   0.34 
  0.92   0.29   0.86   0.64   0.82   0.34   0.95   0.27   0.92   0.48 
---
G_right: 10 9
  0.72   0.57   0.65   0.61   0.18   0.39   0.75   0.39   0.70 
  0.84   0.11   0.83   0.76   0.88   0.88   0.66   0.68   0.63 
  0.77   0.33   0.94   0.67   0.66   0.56   0.71   0.65   0.37 
  0.79   0.39   0.96   0.79   0.12   0.28   0.16   0.51   0.95 
  0.28   0.44   0.19   0.77   0.26   0.19   0.53   0.74   0.75 
  0.94   0.82   0.21   0.77   0.54   0.63   0.89   0.78   0.27 
  0.79   0.35   0.68   0.62   0.74   0.18   0.34   0.75   0.93 
  0.94   0.83   0.54   0.97   0.59   0.56   0.22   0.77   0.17 
  0.63   0.18   0.44   0.79   0.86   0.27   0.28   0.21   0.55 
  0.46   0.93   0.94   0.23   0.14   0.99   0.60   0.84   0.55 
---
