G_down: 9 10
  0.91   0.60   0.52   0.88   0.18   0.66   0.64   0.72   0.68   0.84 
  0.78   0.98   0.49   0.66   0.48   0.71   0.97   0.16   0.38   0.42 
  0.14   0.76   0.13   0.49   0.50   0.32   0.65   0.78   0.26   0.51 
  0.53   0.90   0.76   0.78   0.50   0.33   0.44   0.49   0.92   0.45 
  0.94   0.83   0.58   0.98   0.44   0.76   0.97   0.95   0.26   0.18 
  0.44   0.29   0.58   0.76   0.18   0.21   0.17   0.88   0.61   0.58 
  0.77   0.82   0.43   0.48   0.44   0.27   0.42   0.57   0.50   0.85 
  0.48   0.68   0.92   0.66   0.21   0.11   0.58   0.45   0.19   0.92 
  0.98   0.17   0.36   0.86   0.56   0.55   0.56   0.59   0.51   0.40 
---
G_right: 10 9
  0.41   0.59   0.74   0.76   0.18   0.44   0.89   0.83   0.34 
  0.58   0.65   0.70   0.35   0.49   0.76   0.27   0.38   0.93 
  0.61   0.56   0.57   0.68   0.41   0.15   0.88   0.50   0.90 
  0.71   0.10   0.69   0.57   0.60   0.13   0.16   0.34   0.86 
  0.32   0.32   0.17   0.91   0.69   0.90   0.51   0.22   0.26 
  0.61   0.91   0.33   0.84   0.33   0.64   0.75   0.45   0.86 
  0.82   0.65   0.42   0.75   0.90   0.94   0.26   0.42   0.77 
  0.80   0.64   0.50   0.82   0.22   0.75   0.94   0.16   0.75 
  0.97   0.35   0.18   0.11   0.10   0.18   0.73   0.53   0.32 
  0.24   0.43   0.23   0.55   0.36   0.34   0.51   0.52   0.61 
---
