G_down: 9 10
  0.95   0.88   0.61   0.67   0.96   0.72   0.86   0.57   0.80   0.76 
  0.88   0.47   0.13   0.22   0.90   0.87   0.56   0.95   0.97   0.86 
  0.16   0.38   0.37   0.16   0.62   0.22   0.86   0.42   0.14   0.75 
  0.32   0.11   0.39   0.19   0.77   0.96   0.62   0.24   0.29   0.17 
  0.58   0.68   0.15   0.41   0.29   0.32   0.84   0.98   0.41   0.58 
  0.43   0.66   0.33   0.11   0.64   0.18   0.38   0.49   0.13   0.21 
  0.57   0.64   0.80   0.11   0.16   0.96   0.16   0.68   0.78   0.86 
  0.67   0.58   0.25   0.77   0.12   0.86   0.85   0.93   0.81   0.55 
  0.74   0.36   0.59   0.92   0.76   0.27   0.53   0.71   0.67   0.58 
---
G_right: 10 9
  0.29   0.42   0.11   0.15   0.58   0.51   0.44   0.38   0.59 
  0.80   0.11   0.73   0.61   0.33   0.20   0.43   0.95   0.76 
  0.54   0.22   0.45   0.61   0.71   0.67   0.85   0.94   0.61 
  0.70   0.41   0.90   0.90   0.86   0.38   0.82   0.75   0.47 
  0.12   0.49   0.93   0.83   0.88   0.94   0.16   0.12   0.71 
  0.37   0.98   0.16   0.38   0.24   0.17   0.50   0.18   0.70 
  0.85   0.83   0.69   0.43   0.92   0.15   0.46   0.37   0.15 
  0.94   0.37   0.29   0.41   0.26   0.92   0.62   0.15   0.17 
  0.47   0.12   0.90   0.19   0.51   0.84   0.92   0.68   0.69 
  0.39   0.37   0.28   0.87   0.70   0.70   0.30   0.24   0.90 
---
G_diag: 9 9
  6.83   9.29   5.84   3.27   9.38   2.90   6.82   6.37   3.55 
  3.18   8.58   9.59   6.70   3.60   4.95   5.01   7.81   3.48 
  8.15   3.35   8.85   8.09   8.73   4.93   5.53   8.96   3.85 
  5.59   6.49   6.53   5.76   8.70   4.80   3.69   6.82   3.61 
  6.43   5.24   7.75   8.07   4.41   4.75   8.59   4.46   4.17 
  2.84   4.37   6.73   8.35   8.63   9.23   6.11   8.93   5.06 
  8.14   6.16   3.37   5.94   4.44   5.55   2.48   7.22   3.75 
  2.97   4.72   5.73   9.05   4.46   5.93   4.67   8.01   9.69 
  7.37   5.88   3.20   4.96   3.77   8.04   3.22   3.86   5.17 
---
