G_down: 9 10
  0.95   0.38   0.55   0.81   0.43   0.40   0.28   0.34   0.63   0.14 
  0.76   0.11   0.82   0.92   0.85   0.21   0.29   0.29   0.96   0.31 
  0.53   0.30   0.62   0.85   0.67   0.98   0.55   0.81   0.94   0.19 
  0.54   0.19   0.62   0.48   0.91   0.17   0.77   0.58   0.11   0.53 
  0.37   0.48   0.63   0.27   0.13   0.53   0.28   0.89   0.48   0.28 
  0.79   0.72   0.38   0.13   0.55   0.87   0.45   0.45   0.54   0.86 
  0.89   0.32   0.13   0.87   0.78   0.81   0.69   0.40   0.55   0.74 
  0.32   0.30   0.49   0.46   0.19   0.53   0.26   0.43   0.35   0.60 
  0.38   0.37   0.66   0.84   0.16   0.85   0.99   0.84   0.15   0.37 
---
G_right: 10 9
  0.72   0.58   0.74   0.98   0.50   0.11   0.81   0.71   0.77 
  0.13   0.29   0.79   0.49   0.80   0.11   0.39   0.95   0.77 
  0.42   0.46   0.14   0.33   0.47   0.22   0.34   0.54   0.79 
  0.59   0.60   0.72   0.49   0.14   0.41   0.69   0.40   0.76 
  0.45   0.81   0.51   0.45   0.22   0.42   0.45   0.14   0.70 
  0.87   0.75   0.28   0.51   0.72   0.56   0.66   0.23   0.64 
  0.80   0.73   0.23   0.42   0.29   0.52   0.68   0.83   0.89 
  0.33   0.24   0.57   0.48   0.80   0.87   0.38   0.28   0.42 
  0.61   0.52   0.42   0.32   0.44   0.20   0.88   0.22   0.91 
  0.19   0.46   0.79   0.94   0.42   0.76   0.63   0.27   0.74 
---
