G_down: 9 10
  0.94   0.53   0.54   0.92   0.71   0.83   0.48   0.83   0.24   0.17 
  0.23   0.26   0.68   0.86   0.22   0.86   0.52   0.70   0.92   0.20 
  0.39   0.57   0.62   0.76   0.76   0.72   0.92   0.43   0.34   0.75 
  0.64   0.42   0.62   0.50   0.52   0.36   0.27   0.96   0.15   0.72 
  0.53   0.83   0.27   0.58   0.39   0.25   0.77   0.47   0.24   0.28 
  0.86   0.47   0.97   0.76   0.50   0.90   0.51   0.23   0.22   0.87 
  0.62   0.79   0.85   0.64   0.58   0.66   0.73   0.27   0.75   0.96 
  0.85   0.86   0.48   0.10   0.40   0.25   0.62   0.60   0.89   0.63 
  0.24   0.98   0.30   0.23   0.54   0.53   0.99   0.32   0.42   0.83 
---
G_right: 10 9
  0.18   0.14   0.80   0.22   0.63   0.58   0.65   0.37   0.91 
  0.20   0.93   0.63   0.10   0.83   0.49   0.66   0.85   0.20 
  0.89   0.31   0.66   0.98   0.92   0.12   0.86   0.23   0.16 
  0.40   0.90   0.34   0.85   0.97   0.87   0.43   0.37   0.42 
  0.49   0.47   0.16   0.42   0.47   0.16   0.84   0.58   0.38 
  0.65   0.36   0.66   0.27   0.31   0.14   0.93   0.54   0.57 
  0.78   0.47   0.88   0.12   0.56   0.71   0.98   0.96   0.85 
  0.84   0.33   0.32   0.54   0.94   0.43   0.74   0.81   0.75 
  0.81   0.81   0.36   0.23   0.30   0.83   0.54   0.75   0.95 
  0.21   0.88   0.65   0.14   0.32   0.19   0.70   0.99   0.62 
---
