G_down: 9 10
  0.41   0.70   0.53   0.92   0.76   0.23   0.59   0.10   0.48   0.88 
  0.67   0.38   0.36   0.32   0.28   0.39   0.78   0.90   0.88   0.85 
  0.63   0.40   0.18   0.33   0.66   0.37   0.18   0.71   0.62   0.94 
  0.58   0.97   0.89   0.18   0.24   0.70   0.62   0.81   0.88   0.13 
  0.41   0.97   0.63   0.49   0.76   0.39   0.53   0.65   0.43   0.16 
  0.42   0.60   0.47   0.38   0.25   0.14   0.58   0.90   0.50   0.61 
  0.57   0.69   0.41   0.43   0.44   0.63   0.61   0.61   0.71   0.44 
  0.76   0.54   0.26   0.64   0.47   0.99   0.95   0.41   0.78   0.33 
  0.55   0.48   0.94   0.17   0.60   0.56   0.14   0.33   0.71   0.46 
---
G_right: 10 9
  0.34   0.71   0.23   0.38   0.21   0.51   0.93   0.11   0.60 
  0.58   0.72   0.79   0.77   0.23   0.13   0.37   0.71   0.21 
  0.91   0.46   0.90   0.68   0.79   0.41   0.65   0.44   0.41 
  0.39   0.26   0.68   0.11   0.19   0.84   0.12   0.89   0.25 
  0.84   0.12   0.78   0.20   0.42   0.58   0.59   0.47   0.79 
  0.58   0.52   0.10   0.36   0.48   0.71   0.12   0.67   0.96 
  0.69   0.44   0.46   0.84   0.89   0.81   0.97   0.81   0.58 
  0.73   0.63   0.91   0.45   0.85   0.27   0.39   0.81   0.86 
  0.80   0.50   0.30   0.60   0.14   0.31   0.47   0.31   0.30 
  0.11   0.14   0.85   0.58   0.86   0.22   0.69   0.72   0.55 
---
