G_down: 9 10
  0.87   0.55   0.41   0.30   0.26   0.87   0.27   0.57   0.92   0.33 
  0.75   0.59   0.45   0.74   0.84   0.20   0.84   0.74   0.67   0.55 
  0.35   0.52   0.51   0.11   0.96   0.74   0.53   0.65   0.36   0.29 
  0.48   0.51   0.59   0.39   0.51   0.49   0.67   0.50   0.62   0.25 
  0.68   0.14   0.45   0.23   0.26   0.78   0.50   0.39   0.13   0.47 
  0.32   0.62   0.76   0.68   0.85   0.20   0.69   0.63   0.29   0.71 
  0.64   0.77   0.37   0.40   0.40   0.28   0.32   0.74   0.56   0.82 
  0.30   0.62   0.47   0.51   0.77   0.83   0.31   0.87   0.11   0.39 
  0.38   0.75   0.12   0.10   0.71   0.11   0.64   0.24   0.18   0.96 
---
G_right: 10 9
  0.90   0.64   0.26   0.28   0.30   0.79   0.72   0.81   0.94 
  0.85   0.63   0.98   0.68   0.21   0.74   0.30   0.79   0.73 
  0.85   0.14   0.16   0.49   0.88   0.71   0.98   0.91   0.86 
  0.73   0.53   0.60   0.38   0.37   0.11   0.24   0.62   0.33 
  0.25   0.29   0.62   0.51   0.31   0.43   0.84   0.34   0.87 
  0.55   0.88   0.44   0.27   0.22   0.25   0.32   0.43   0.13 
  0.24   0.66   0.20   0.49   0.20   0.60   0.43   0.74   0.16 
  0.74   0.43   0.94   0.27   0.49   0.20   0.90   0.43   0.79 
  0.59   0.64   0.29   0.47   0.19   0.54   0.18   0.94   0.68 
  0.98   0.60   0.51   0.38   0.25   0.65   0.32   0.19   0.45 
---
