G_down: 9 10
  0.87   0.56   0.79   0.77   0.67   0.94   0.96   0.29   0.92   0.37 
  0.36   0.12   0.16   0.85   0.73   0.25   0.50   0.57   0.84   0.28 
  0.75   0.56   0.40   0.79   0.76   0.60   0.23   0.22   0.88   0.50 
  0.68   0.94   0.95   0.62   0.30   0.66   0.87   0.72   0.59   0.18 
  0.38   0.59   0.30   0.13   0.37   0.79   0.41   0.24   0.85   0.82 
  0.78   0.19   0.45   0.99   0.43   0.30   0.91   0.13   0.96   0.72 
  0.95   0.16   0.87   0.55   0.75   0.98   0.71   0.77   0.32   0.63 
  0.51   0.13   0.27   0.20   0.95   0.69   0.74   0.58   0.65   0.68 
  0.78   0.54   0.21   0.61   0.74   0.86   0.81   0.49   0.12   0.75 
---
G_right: 10 9
  0.65   0.56   0.24   0.43   0.29   0.40   0.60   0.65   0.31 
  0.63   0.80   0.84   0.97   0.17   0.84   0.83   0.59   0.68 
  0.53   0.87   0.43   0.59   0.48   0.17   0.58   0.48   0.58 
  0.75   0.84   0.49   0.70   0.91   0.17   0.87   0.42   0.12 
  0.81   0.12   0.42   0.36   0.28   0.82   0.78   0.13   0.26 
  0.13   0.62   0.13   0.70   0.36   0.68   0.89   0.56   0.91 
  0.61   0.26   0.75   0.80   0.48   0.14   0.21   0.27   0.69 
  0.48   0.85   0.60   0.75   0.63   0.45   0.30   0.72   0.65 
  0.44   0.51   0.96   0.61   0.30   0.95   0.16   0.43   0.64 
  0.81   0.38   0.95   0.49   0.65   0.29   0.39   0.41   0.61 
---
