G_down: 9 10
  0.88   0.17   0.69   0.58   0.56   0.68   0.70   0.67   0.70   0.47 
  0.13   0.91   0.69   0.43   0.52   0.83   0.91   0.63   0.42   0.14 
  0.47   0.26   0.52   0.82   0.56   0.30   0.97   0.15   0.79   0.80 
  0.60   0.79   0.45   0.76   0.50   0.67   0.83   0.44   0.69   0.75 
  0.69   0.74   0.41   0.90   0.23   0.66   0.84   0.31   0.31   0.58 
  0.14   0.44   0.67   0.87   0.23   0.34   0.93   0.56   0.39   0.33 
  0.80   0.11   0.18   0.90   0.64   0.83   0.45   0.13   0.17   0.48 
  0.67   0.59   0.94   0.62   0.76   0.78   0.93   0.89   0.52   0.24 
  0.53   0.56   0.50   0.26   0.20   0.81   0.13   0.92   0.10   0.56 
---
G_right: 10 9
  0.95   0.53   0.31   0.31   0.67   0.89   0.43   0.50   0.42 
  0.34   0.80   0.45   0.94   0.39   0.61   0.41   0.82   0.51 
  0.33   0.94   0.53   0.91   0.84   0.10   0.58   0.69   0.18 
  0.31   0.52   0.16   0.75   0.37   0.30   0.43   0.16   0.30 
  0.80   0.97   0.44   0.26   0.22   0.17   0.85   0.32   0.55 
  0.24   0.43   0.84   0.40   0.34   0.98   0.16   0.27   0.61 
  0.18   0.84   0.21   0.54   0.87   0.20   0.77   0.23   0.54 
  0.35   0.16   0.54   0.77   0.67   0.68   0.93   0.63   0.46 
  0.56   0.67   0.32   0.40   0.81   0.80   0.32   0.17   0.91 
  0.13   0.71   0.44   0.74   0.52   0.27   0.41   0.88   0.98 
---
