G_down: 9 10
  0.24   0.74   0.52   0.91   0.30   0.62   0.42   0.41   0.58   0.72 
  0.82   0.10   0.82   0.21   0.65   0.54   0.41   0.98   0.58   0.48 
  0.32   0.20   0.29   0.62   0.39   0.81   0.78   0.54   0.81   0.85 
  0.39   0.34   0.69   0.38   0.23   0.16   0.98   0.79   0.38   0.61 
  0.66   0.79   0.47   0.72   0.79   0.96   0.49   0.70   0.41   0.28 
  0.46   0.13   0.71   0.75   0.58   0.42   0.33   0.37   0.66   0.97 
  0.24   0.32   0.74   0.41   0.87   0.91   0.16   0.25   0.32   0.15 
  0.20   0.40   0.99   0.47   0.68   0.65   0.99   0.46   0.35   0.85 
  0.34   0.68   0.82   0.13   0.42   0.36   0.13   0.66   0.64   0.56 
---
G_right: 10 9
  0.59   0.57   0.83   0.13   0.89   0.88   0.92   0.53   0.72 
  0.62   0.19   0.75   0.31   0.76   0.88   0.96   0.71   0.60 
  0.93   0.47   0.37   0.17   0.31   0.86   0.31   0.83   0.36 
  0.86   0.85   0.61   0.67   0.42   0.13   0.35   0.82   0.50 
  0.23   0.30   0.51   0.78   0.44   0.67   0.79   0.36   0.99 
  0.50   0.26   0.24   0.37   0.95   0.67   0.92   0.31   0.96 
  0.74   0.92   0.81   0.43   0.12   0.51   0.86   0.90   0.55 
  0.80   0.22   0.23   0.68   0.39   0.59   0.29   0.74   0.62 
  0.27   0.21   0.18   0.15   0.38   0.78   0.54   0.96   0.18 
  0.28   0.32   0.62   0.68   0.21   0.37   0.35   0.39   0.48 
---
