G_down: 9 10
  0.15   0.59   0.35   0.59   0.33   0.21   0.66   0.58   0.26   0.65 
  0.94   0.64   0.34   0.86   0.81   0.90   0.46   0.44   0.92   0.54 
  0.96   0.98   0.76   0.48   0.66   0.37   0.45   0.26   0.18   0.56 
  0.15   0.77   0.82   0.61   0.21   0.63   0.83   0.97   0.17   0.96 
  0.23   0.17   0.15   0.43   0.46   0.21   0.10   0.18   0.59   0.35 
  0.29   0.96   0.72   0.74   0.13   0.19   0.30   0.20   0.14   0.62 
  0.25   0.77   0.91   0.54   0.58   0.32   0.44   0.85   0.48   0.14 
  0.17   0.88   0.91   0.90   0.63   0.67   0.28   0.29   0.28   0.54 
  0.26   0.68   0.44   0.65   0.44   0.62   0.41   0.27   0.59   0.38 
---
G_right: 10 9
  0.82   0.71   0.95   0.47   0.42   0.44   0.73   0.74   0.99 
  0.61   0.16   0.76   0.20   0.86   0.30   0.95   0.95   0.81 
  0.21   0.90   0.53   0.76   0.71   0.85   0.78   0.89   0.99 
  0.47   0.69   0.88   0.69   0.66   0.89   0.64   0.98   0.43 
  0.97   0.24   0.38   0.29   0.50   0.81   0.73   0.30   0.47 
  0.16   0.18   0.51   0.36   0.39   0.66   0.31   0.50   0.61 
  0.96   0.58   0.17   0.32   0.42   0.51   0.29   0.15   0.96 
  0.21   0.86   0.46   0.41   0.11   0.85   0.25   0.46   0.45 
  0.57   0.15   0.24   0.41   0.91   0.11   0.57   0.14   0.63 
  0.27   0.96   0.75   0.37   0.51   0.72   0.26   0.18   0.30 
---
