G_down: 9 10
  0.27   0.98   0.90   0.35   0.51   0.30   0.81   0.36   0.78   0.47 
  0.50   0.69   0.15   0.45   0.39   0.64   0.23   0.55   0.66   0.11 
  0.40   0.15   0.81   0.61   0.31   0.37   0.48   0.70   0.73   0.67 
  0.36   0.32   0.38   0.38   0.38   0.84   0.96   0.15   0.77   0.87 
  0.57   0.14   0.96   0.64   0.59   0.82   0.47   0.96   0.65   0.48 
  0.29   0.64   0.95   0.96   0.60   0.27   0.44   0.22   0.59   0.64 
  0.72   0.35   0.75   0.40   0.25   0.78   0.66   0.23   0.24   0.41 
  0.46   0.53   0.68   0.95   0.98   0.77   0.45   0.26   0.89   0.75 
  0.89   0.67   0.94   0.16   0.92   0.95   0.73   0.83   0.11   0.69 
---
G_right: 10 9
  0.92   0.60   0.63   0.89   0.74   0.43   0.82   0.17   0.13 
  0.60   0.30   0.68   0.89   0.15   0.13   0.21   0.24   0.13 
  0.69   0.27   0.97   0.61   0.83   0.51   0.57   0.67   0.78 
  0.35   0.57   0.35   0.70   0.95   0.47   0.79   0.70   0.53 
  0.95   0.26   0.10   0.81   0.55   0.52   0.30   0.37   0.45 
  0.19   0.35   0.30   0.90   0.10   0.67   0.83   0.58   0.52 
  0.94   0.34   0.99   0.47   0.25   0.45   0.23   0.41   0.17 
  0.89   0.56   0.16   0.38   0.19   0.73   0.65   0.24   0.93 
  0.71   0.22   0.56   0.78   0.70   0.56   0.20   0.67   0.99 
  0.64   0.78   0.25   0.13   0.80   0.35   0.21   0.59   0.11 
---
G_diag: 9 9
  8.03   4.65   4.94   7.39   5.09   8.46   6.83   3.06   8.26 
  5.21   2.58   5.83   8.91   8.37   5.77   4.41   7.62   8.94 
  5.49   6.53   9.39   6.79   2.58   4.25   6.41   5.84   3.87 
  2.22   3.89   7.43   4.07   6.67   9.59   4.40   2.47   5.56 
  8.57   3.26   4.39   8.17   2.73   3.63   6.54   3.55   6.18 
  6.54   7.00   8.60   2.14   9.23   7.70   5.73   6.15   7.43 
  4.69   3.00   2.66   5.37   5.30   3.03   9.68   5.28   7.19 
  5.11   4.06   7.47   6.80   9.00   8.07   6.62   5.64   9.00 
  8.81   6.76   3.64   7.79   5.91   7.04   9.05   2.33   9.68 
---
