G_down: 9 10
  0.15   0.24   0.73   0.54   0.35   0.76   0.69   0.23   0.41   0.93 
  0.68   0.76   0.46   0.93   0.93   0.95   0.60   0.73   0.32   0.61 
  0.71   0.59   0.32   0.12   0.65   0.18   0.62   0.84   0.22   0.98 
  0.13   0.78   0.62   0.20   0.42   0.77   0.54   0.95   0.97   0.52 
  0.97   0.82   0.11   0.19   0.95   0.57   0.77   0.10   0.86   0.47 
  0.15   0.36   0.49   0.65   0.92   0.86   0.30   0.35   0.89   0.28 
  0.16   0.91   0.40   0.18   0.56   0.83   0.59   0.90   0.40   0.12 
  0.36   0.64   0.59   0.42   0.56   0.31   0.64   0.15   0.57   0.41 
  0.13   0.83   0.15   0.18   0.14   0.66   0.80   0.23   0.21   0.42 
---
G_right: 10 9
  0.92   0.14   0.92   0.64   0.97   0.44   0.57   0.15   0.48 
  0.10   0.33   0.56   0.29   0.24   0.63   0.65   0.58   0.45 
  0.81   0.45   0.51   0.77   0.25   0.37   0.75   0.63   0.68 
  0.46   0.65   0.85   0.70   0.57   0.23   0.81   0.91   0.77 
  0.75   0.59   0.26   0.43   0.29   0.22   0.63   0.78   0.97 
  0.29   0.98   0.97   0.50   0.14   0.70   0.56   0.87   0.90 
  0.90   0.12   0.96   0.10   0.13   0.87   0.71   0.93   0.24 
  0.40   0.50   0.69   0.38   0.65   0.43   0.59   0.31   0.49 
  0.93   0.23   0.69   0.94   0.80   0.61   0.74   0.70   0.46 
  0.34   0.67   0.22   0.47   0.31   0.38   0.86   0.98   0.47 
---
