G_down: 9 10
  0.51   0.24   0.25   0.94   0.13   0.52   0.48   0.67   0.20   0.10 
  0.56   0.95   0.21   0.40   0.68   0.60   0.32   0.83   0.41   0.23 
  0.85   0.38   0.42   0.75   0.47   0.81   0.44   0.71   0.79   0.87 
  0.59   0.45   0.72   0.39   0.63   0.32   0.87   0.85   0.48   0.12 
  0.25   0.74   0.73   0.24   0.28   0.96   0.93   0.80   0.93   0.91 
  0.62   0.52   0.28   0.14   0.81   0.11   0.14   0.90   0.31   0.92 
  0.90   0.34   0.29   0.54   0.56   0.91   0.97   0.16   0.95   0.62 
  0.67   0.27   0.13   0.52   0.20   0.82   0.17   0.96   0.87   0.92 
  0.57   0.56   0.16   0.36   0.36   0.52   0.13   0.30   0.62   0.97 
---
G_right: 10 9
  0.96   0.32   0.22   0.25   0.12   0.23   0.50   0.50   0.77 
  0.62   0.70   0.77   0.24   0.50   0.43   0.19   0.82   0.52 
  0.22   0.16   0.55   0.94   0.77   0.61   0.22   0.80   0.96 
  0.32   0.22   0.14   0.54   0.69   0.66   0.62   0.35   0.23 
  0.99   0.74   0.21   0.79   0.35   0.44   0.76   0.30   0.34 
  0.20   0.49   0.97   0.29   0.32   0.23   0.51   0.39   0.85 
  0.98   0.72   0.24   0.82   0.79   0.13   0.18   0.37   0.82 
  0.20   0.39   0.83   0.32   0.75   0.58   0.92   0.51   0.86 
  0.78   0.43   0.39   0.42   0.46   0.34   0.80   0.80   0.28 
  0.82   0.65   0.50   0.98   0.24   0.22   0.38   0.86   0.83 
---
G_diag: 9 9
  8.99   5.78   9.29   4.07   2.67   2.30   3.90   3.67   5.62 
  3.54   9.22   5.88   3.18   7.09   6.88   9.84   9.51   4.25 
  5.25   7.05   4.01   9.39   3.38   8.65   8.90   5.74   6.61 
  6.11   3.90   4.49   6.99   2.91   5.19   9.61   2.74   5.01 
  3.43   3.10   6.00   4.67   2.92   8.57   5.19   7.33   9.32 
  4.88   3.33   7.77   2.58   2.52   3.43   8.40   3.02   8.24 
  7.29   4.43   7.04   4.50   7.88   7.77   6.91   7.51   4.00 
  4.21   5.26   9.21   7.24   9.64   5.77   6.05   2.70   8.04 
  2.54   3.76   7.89   4.31   7.22   2.56   8.09   2.65   4.94 
---
