G_down: 9 10
  0.53   0.66   0.45   0.62   0.88   0.51   0.17   0.17   0.54   0.10 
  0.94   0.13   0.81   0.53   0.38   0.66   0.77   0.63   0.52   0.89 
  0.74   0.62   0.82   0.68   0.59   0.82   0.65   0.78   0.10   0.32 
  0.44   0.81   0.31   0.24   0.10   0.44   0.48   0.66   0.24   0.85 
  0.85   0.54   0.54   0.86   0.96   0.96   0.38   0.78   0.20   0.66 
  0.23   0.95   0.91   0.20   0.37   0.39   0.74   0.48   0.36   0.75 
  0.73   0.23   0.13   0.32   0.69   0.10   0.60   0.41   0.77   0.54 
  0.78   0.88   0.91   0.24   0.96   0.54   0.47   0.76   0.24   0.84 
  0.34   0.49   0.26   0.23   0.59   0.78   0.70   0.76   0.31   0.15 
---
G_right: 10 9
  0.81   0.73   0.30   0.33   0.46   0.90   0.89   0.61   0.67 
  0.60   0.81   0.42   0.41   0.64   0.46   0.82   0.16   0.88 
  0.74   0.93   0.16   0.97   0.94   0.41   0.97   0.18   0.65 
  0.22   0.18   0.31   0.42   0.94   0.85   0.97   0.89   0.95 
  0.33   0.90   0.66   0.86   0.66   0.57   0.58   0.16   0.87 
  0.11   0.74   0.32   0.20   0.32   0.94   0.33   0.90   0.16 
  0.80   0.97   0.73   0.23   0.86   0.22   0.31   0.63   0.42 
  0.54   0.20   0.16   0.70   0.16   0.78   0.83   0.69   0.21 
  0.69   0.87   0.76   0.97   0.64   0.36   0.15   0.19   0.17 
  0.87   0.96   0.76   0.47   0.85   0.31   0.67   0.60   0.99 
---
G_diag: 9 9
  8.20   9.18   3.98   2.93   4.94   8.80   6.37   4.07   9.18 
  2.54   5.85   7.65   7.07   2.29   9.19   7.79   6.89   9.25 
  2.70   3.21   6.35   8.40   5.31   7.84   6.12   3.68   7.29 
  7.35   6.37   3.88   7.49   3.31   4.65   9.56   3.20   3.01 
  3.23   6.26   6.80   4.29   6.27   2.32   7.22   2.44   9.67 
  7.15   5.49   6.83   7.16   7.11   5.01   4.71   9.65   9.28 
  9.74   5.36   2.95   7.03   7.53   2.42   7.53   4.94   5.53 
  8.34   3.32   7.17   7.88   2.93   7.52   3.87   4.61   2.32 
  6.72   6.18   9.03   7.65   4.10   5.54   4.03   4.84   7.20 
---
