G_down: 9 10
  0.72   0.12   0.90   0.96   0.10   0.20   0.25   0.49   0.38   0.80 
  0.90   0.90   0.87   0.78   0.14   0.90   0.49   0.94   0.94   0.93 
  0.21   0.36   0.88   0.70   0.18   0.42   0.27   0.28   0.36   0.49 
  0.68   0.58   0.23   0.85   0.41   0.80   0.23   0.24   0.38   0.18 
  0.68   0.15   0.16   0.61   0.25   0.60   0.81   0.29   0.91   0.60 
  0.59   0.54   0.39   0.56   0.25   0.77   0.40   0.43   0.76   0.46 
  0.83   0.41   0.82   0.29   0.64   0.92   0.94   0.19   0.60   0.39 
  0.12   0.45   0.27   0.96   0.16   0.68   0.18   0.80   0.47   0.26 
  0.49   0.37   0.86   0.78   0.69   0.56   0.85   0.66   0.81   0.22 
---
G_right: 10 9
  0.68   0.34   0.69   0.29   0.23   0.37   0.72   0.63   0.91 
  0.80   0.34   0.12   0.39   0.74   0.70   0.56   0.15   0.80 
  0.14   0.60   0.58   0.11   0.29   0.31   0.28   0.60   0.79 
  0.96   0.69   0.82   0.97   0.31   0.90   0.19   0.61   0.31 
  0.94   0.77   0.68   0.90   0.28   0.30   0.60   0.17   0.75 
  0.62   0.98   0.29   0.45   0.38   0.11   0.88   0.77   0.43 
  0.39   0.40   0.64   0.91   0.46   0.76   0.97   0.31   0.57 
  0.55   0.53   0.56   0.76   0.58   0.56   0.59   0.19   0.99 
  0.50   0.25   0.72   0.33   0.43   0.37   0.72   0.50   0.43 
  0.11   0.75   0.48   0.59   0.14   0.70   0.86   0.61   0.38 
---
