G_down: 9 10
  0.75   0.33   0.62   0.13   0.50   0.27   0.92   0.58   0.37   0.18 
  0.67   0.12   0.90   0.99   0.44   0.10   0.24   0.33   0.95   0.38 
  0.33   0.42   0.60   0.94   0.37   0.90   0.91   0.63   0.53   0.25 
  0.96   0.95   0.29   0.95   0.68   0.23   0.50   0.96   0.75   0.72 
  0.16   0.94   0.20   0.86   0.67   0.68   0.82   0.87   0.17   0.42 
  0.39   0.75   0.78   0.92   0.26   0.85   0.80   0.88   0.15   0.31 
  0.49   0.46   0.94   0.64   0.80   0.70   0.58   0.16   0.78   0.48 
  0.80   0.50   0.71   0.14   0.41   0.40   0.24   0.53   0.24   0.87 
  0.64   0.51   0.98   0.59   0.22   0.92   0.81   0.36   0.50   0.12 
---
G_right: 10 9
  0.81   0.21   0.95   0.47   0.64   0.89   0.84   0.10   0.26 
  0.37   0.15   0.44   0.15   0.58   0.33   0.43   0.20   0.62 
  0.32   0.88   0.96   0.68   0.25   0.75   0.17   0.90   0.53 
  0.90   0.66   0.15   0.15   0.58   0.58   0.45   0.76   0.34 
  0.13   0.76   0.94   0.54   0.77   0.56   0.30   0.48   0.31 
  0.89   0.67   0.22   0.27   0.17   0.45   0.78   0.54   0.43 
  0.61   0.14   0.52   0.88   0.84   0.68   0.98   0.28   0.18 
  0.48   0.54   0.97   0.38   0.26   0.22   0.94   0.96   0.42 
  0.33   0.48   0.69   0.22   0.56   0.44   0.91   0.22   0.96 
  0.74   0.16   0.28   0.65   0.55   0.16   0.90   0.27   0.56 
---
