G_down: 9 10
  0.67   0.64   0.15   0.40   0.15   0.41   0.28   0.45   0.14   0.70 
  0.80   0.40   0.18   0.45   0.16   0.98   0.80   0.19   0.11   0.79 
  0.72   0.49   0.80   0.24   0.16   0.74   0.44   0.25   0.40   0.60 
  0.83   0.25   0.66   0.77   0.16   0.47   0.28   0.96   0.72   0.93 
  0.69   0.49   0.49   0.38   0.65   0.18   0.71   0.82   0.54   0.67 
  0.92   0.16   0.18   0.65   0.97   0.83   0.82   0.44   0.13   0.73 
  0.29   0.47   0.97   0.92   0.86   0.11   0.91   0.48   0.60   0.28 
  0.91   0.14   0.38   0.32   0.68   0.81   0.72   0.94   0.88   0.47 
  0.75   0.80   0.22   0.92   0.95   0.54   0.61   0.53   0.16   0.68 
---
G_right: 10 9
  0.48   0.80   0.80   0.38   0.32   0.17   0.46   0.64   0.14 
  0.67   0.11   0.95   0.60   0.17   0.77   0.61   0.20   0.48 
  0.41   0.63   0.65   0.21   0.11   0.18   0.26   0.14   0.25 
  0.64   0.28   0.45   0.70   0.73   0.76   0.88   0.55   0.74 
  0.93   0.78   0.95   0.30   0.47   0.28   0.10   0.79   0.97 
  0.78   0.64   0.78   0.88   0.61   0.70   0.45   0.92   0.81 
  0.14   0.95   0.30   0.56   0.43   0.74   0.81   0.16   0.71 
  0.69   0.11   0.59   0.16   0.52   0.32   0.10   0.87   0.21 
  0.85   0.76   0.44   0.37   0.61   0.81   0.63   0.16   0.30 
  0.54   0.63   0.51   0.63   0.12   0.18   0.71   0.48   0.49 
---
G_diag: 9 9
  8.77   5.98   4.72   8.93   8.20   2.65   7.66   5.11   3.64 
  6.97   5.67   6.74   4.26   4.40   5.84   3.06   5.63   7.86 
  5.84   6.09   2.90   5.51   4.19   2.14   5.74   7.48   6.24 
  3.48   9.52   3.80   6.82   4.34   3.39   6.38   5.11   4.82 
  9.50   7.74   3.12   8.00   3.45   4.44   2.19   2.16   7.28 
  5.89   7.83   8.94   6.80   8.27   2.96   3.41   6.12   5.38 
  4.59   6.13   5.07   3.21   6.78   2.33   7.25   3.83   9.54 
  3.46   8.87   8.54   7.35   4.06   3.11   4.87   8.37   9.76 
  6.24   2.99   2.58   9.54   4.32   5.94   7.16   6.51   8.30 
---
