G_down: 9 10
  0.73   0.87   0.31   0.87   0.99   0.65   0.74   0.96   0.62   0.94 
  0.49   0.75   0.97   0.92   0.55   0.66   0.77   0.86   0.34   0.61 
  0.66   0.81   0.41   0.12   0.44   0.78   0.24   0.16   0.57   0.82 
  0.57   0.24   0.64   0.57   0.77   0.27   0.19   0.53   0.36   0.78 
  0.24   0.50   0.58   0.27   0.50   0.33   0.73   0.55   0.87   0.77 
  0.78   0.66   0.54   0.17   0.98   0.40   0.63   0.80   0.54   0.91 
  0.58   0.45   0.38   0.91   0.33   0.50   0.48   0.72   0.46   0.51 
  0.35   0.35   0.80   0.62   0.81   0.39   0.87   0.14   0.58   0.38 
  0.77   0.61   0.27   0.63   0.70   0.95   0.20   0.61   0.42   0.89 
---
G_right: 10 9
  0.71   0.36   0.55   0.48   0.13   0.27   0.68   0.77   0.26 
  0.42   0.36   0.96   0.68   0.41   0.73   0.80   0.10   0.36 
  0.85   0.60   0.93   0.19   0.58   0.60   0.70   0.66   0.26 
  0.33   0.81   0.47   0.51   0.26   0.85   0.43   0.39   0.34 
  0.52   0.62   0.91   0.50   0.94   0.81   0.43   0.43   0.26 
  0.36   0.57   0.53   0.16   0.51   0.83   0.27   0.49   0.65 
  0.29   0.11   0.72   0.27   0.34   0.23   0.70   0.23   0.48 
  0.45   0.13   0.34   0.58   0.14   0.26   0.90   0.43   0.41 
  0.67   0.80   0.75   0.55   0.54   0.33   0.93   0.39   0.84 
  0.72   0.45   0.44   0.14   0.57   0.83   0.66   0.81   0.35 
---
G_diag: 9 9
  8.13   6.64   2.32   8.00   4.46   9.33   4.17   2.42   4.40 
  3.58   7.25   4.27   3.64   8.93   9.08   5.40   3.26   3.04 
  3.92   3.80   2.27   5.42   5.21   2.62   9.66   3.97   4.39 
  4.04   8.87   8.23   9.57   4.39   5.14   2.37   8.74   7.21 
  9.34   8.46   7.39   9.24   5.59   6.49   2.45   6.06   2.64 
  2.60   6.46   6.93   6.49   4.75   2.40   7.64   6.63   3.19 
  3.74   4.65   7.84   4.48   6.07   4.98   8.06   7.79   9.79 
  8.13   5.56   8.90   3.02   7.98   3.32   8.16   7.22   3.31 
  2.78   8.56   4.70   4.96   9.57   7.13   8.49   8.86   7.82 
---
