G_down: 9 10
  0.46   0.86   0.90   0.39   0.21   0.63   0.11   0.44   0.51   0.81 
  0.19   0.19   0.27   0.16   0.50   0.32   0.85   0.90   0.58   0.40 
  0.56   0.21   0.83   0.12   0.27   0.73   0.47   0.94   0.52   0.57 
  0.33   0.86   0.65   0.23   0.23   0.58   0.86   0.44   0.26   0.92 
  0.42   0.91   0.73   0.27   0.78   0.64   0.78   0.86   0.47   0.67 
  0.50   0.50   0.29   0.18   0.21   0.16   0.95   0.73   0.57   0.14 
  0.69   0.74   0.98   0.71   0.82   0.67   0.56   0.45   0.95   0.54 
  0.28   0.11   0.89   0.78   0.75   0.57   0.25   0.69   0.61   0.90 
  0.43   0.57   0.53   0.25   0.27   0.55   0.65   0.51   0.32   0.60 
---
G_right: 10 9
  0.92   0.43   0.75   0.84   0.34   0.30   0.37   0.51   0.30 
  0.56   0.26   0.69   0.98   0.58   0.48   0.41   0.68   0.26 
  0.26   0.62   0.46   0.97   0.66   0.47   0.10   0.26   0.59 
  0.44   0.59   0.55   0.31   0.13   0.77   0.70   0.82   0.29 
  0.66   0.61   0.79   0.19   0.50   0.34   0.43   0.94   0.45 
  0.93   0.90   0.29   0.40   0.41   0.51   0.56   0.88   0.63 
  0.39   0.85   0.38   0.76   0.39   0.39   0.26   0.22   0.74 
  0.33   0.65   0.63   0.30   0.12   0.73   0.68   0.75   0.67 
  0.22   0.18   0.96   0.44   0.11   0.66   0.53   0.55   0.86 
  0.15   0.27   0.77   0.43   0.55   0.44   0.35   0.54   0.79 
---
