G_down: 9 10
  0.42   0.49   0.62   0.49   0.29   0.71   0.81   0.35   0.67   0.68 
  0.30   0.78   0.38   0.97   0.56   0.76   0.30   0.91   0.94   0.65 
  0.87   0.27   0.34   0.22   0.23   0.61   0.19   0.85   0.52   0.86 
  0.80   0.29   0.14   0.36   0.16   0.17   0.63   0.17   0.75   0.77 
  0.39   0.54   0.11   0.14   0.35   0.82   0.65   0.68   0.87   0.94 
  0.46   0.87   0.27   0.93   0.80   0.50   0.90   0.94   0.68   0.60 
  0.20   0.56   0.91   0.84   0.85   0.47   0.52   0.45   0.16   0.54 
  0.29   0.67   0.11   0.76   0.89   0.17   0.68   0.62   0.45   0.13 
  0.67   0.12   0.38   0.38   0.79   0.59   0.27   0.37   0.43   0.76 
---
G_right: 10 9
  0.54   0.37   0.57   0.79   0.59   0.88   0.73   0.28   0.32 
  0.72   0.29   0.93   0.90   0.67   0.36   0.69   0.85   0.76 
  0.81   0.74   0.28   0.38   0.50   0.51   0.38   0.39   0.28 
  0.42   0.81   0.15   0.65   0.48   0.56   0.41   0.16   0.90 
  0.71   0.23   0.44   0.98   0.92   0.72   0.54   0.10   0.82 
  0.21   0.64   0.19   0.50   0.52   0.25   0.61   0.37   0.95 
  0.11   0.39   0.74   0.15   0.76   0.62   0.30   0.36   0.89 
  0.78   0.13   0.39   0.31   0.20   0.72   0.64   0.91   0.77 
  0.91   0.64   0.60   0.46   0.84   0.49   0.30   0.57   0.24 
  0.25   0.41   0.39   0.19   0.19   0.11   0.57   0.69   0.81 
---
G_diag: 9 9
  4.38   3.80   2.82   6.29   3.32   7.21   8.63   3.49   6.04 
  6.66   4.57   8.71   8.63   3.34   3.27   4.19   3.29   3.62 
  6.59   2.76   2.73   7.87   5.99   2.34   5.86   5.38   2.34 
  3.87   8.36   2.14   7.75   8.32   6.01   4.80   7.36   7.74 
  3.85   3.07   6.21   9.68   6.04   7.94   3.37   7.57   3.00 
  7.02   6.52   3.44   6.15   6.83   3.15   2.70   8.38   4.58 
  2.33   3.87   2.14   9.57   9.67   2.93   4.73   2.90   3.83 
  2.71   2.86   3.81   7.32   5.35   4.63   8.10   8.70   5.40 
  8.98   2.72   9.07   4.15   4.72   2.23   4.75   4.98   2.50 
---
