G_down: 9 10
  0.11   0.74   0.72   0.28   0.19   0.45   0.11   0.64   0.74   0.41 
  0.67   0.32   0.95   0.19   0.33   0.10   0.61   0.90   0.41   0.58 
  0.82   0.32   0.43   0.24   0.97   0.96   0.80   0.60   0.28   0.65 
  0.61   0.65   0.66   0.16   0.53   0.86   0.76   0.17   0.48   0.79 
  0.18   0.54   0.60   0.69   0.42   0.35   0.38   0.55   0.73   0.79 
  0.66   0.87   0.14   0.44   0.41   0.95   0.64   0.55   0.80   0.48 
  0.40   0.83   0.37   0.22   0.78   0.23   0.81   0.67   0.16   0.35 
  0.55   0.94   0.75   0.43   0.37   0.98   0.12   0.58   0.23   0.24 
  0.58   0.67   0.83   0.12   0.98   0.48   0.79   0.42   0.31   0.15 
---
G_right: 10 9
  0.63   0.92   0.23   0.49   0.41   0.68   0.33   0.16   0.33 
  0.35   0.25   0.85   0.69   0.44   0.50   0.55   0.81   0.65 
  0.31   0.85   0.25   0.79   0.45   0.59   0.81   0.37   0.74 
  0.25   0.13   0.75   0.39   0.40   0.61   0.12   0.89   0.58 
  0.60   0.33   0.96   0.27   0.33   0.63   0.98   0.48   0.74 
  0.77   0.32   0.91   0.93   0.70   0.46   0.27   0.11   0.33 
  0.42   0.66   0.99   0.54   0.98   0.23   0.77   0.59   0.99 
  0.19   0.79   0.71   0.67   0.40   0.15   0.43   0.43   0.35 
  0.87   0.13   0.80   0.91   0.41   0.15   0.11   0.59   0.75 
  0.50   0.60   0.47   0.39   0.87   0.17   0.88   0.46   0.12 
---
