G_down: 9 10
  0.53   0.26   0.83   0.86   0.98   0.81   0.94   0.84   0.95   0.73 
  0.45   0.33   0.49   0.98   0.27   0.76   0.53   0.24   0.85   0.80 
  0.52   0.31   0.81   0.32   0.49   0.26   0.55   0.46   0.29   0.42 
  0.45   0.39   0.64   0.33   0.23   0.68   0.55   0.51   0.70   0.19 
  0.63   0.75   0.55   0.72   0.19   0.19   0.81   0.81   0.82   0.40 
  0.53   0.80   0.89   0.26   0.91   0.42   0.57   0.26   0.59   0.39 
  0.38   0.71   0.41   0.59   0.86   0.79   0.79   0.46   0.70   0.58 
  0.58   0.22   0.39   0.28   0.40   0.30   0.95   0.80   0.93   0.19 
  0.48   0.29   0.26   0.73   0.94   0.65   0.58   0.53   0.18   0.17 
---
G_right: 10 9
  0.56   0.18   0.31   0.74   0.64   0.13   0.80   0.81   0.46 
  0.87   0.11   0.87   0.33   0.34   0.85   0.77   0.70   0.20 
  0.59   0.85   0.13   0.86   0.47   0.59   0.11   0.67   0.12 
  0.17   0.78   0.85   0.71   0.26   0.75   0.77   0.39   0.29 
  0.56   0.89   0.59   0.59   0.68   0.33   0.86   0.69   0.99 
  0.83   0.71   0.90   0.22   0.27   0.40   0.31   0.37   0.58 
  0.31   0.48   0.66   0.61   0.25   0.91   0.79   0.82   0.43 
  0.91   0.53   0.43   0.92   0.63   0.55   0.27   0.32   0.22 
  0.56   0.81   0.28   0.49   0.89   0.14   0.31   0.97   0.47 
  0.82   0.25   0.15   0.60   0.50   0.88   0.17   0.58   0.93 
---
