G_down: 9 10
  0.70   0.25   0.98   0.74   0.39   0.11   0.83   0.56   0.62   0.40 
  0.76   0.92   0.45   0.36   0.15   0.63   0.44   0.17   0.17   0.21 
  0.31   0.15   0.57   0.20   0.10   0.37   0.43   0.84   0.71   0.94 
  0.17   0.17   0.93   0.21   0.37   0.57   0.83   0.91   0.67   0.87 
  0.29   0.72   0.47   0.72   0.36   0.71   0.98   0.52   0.51   0.92 
  0.36   0.83   0.56   0.47   0.46   0.39   0.83   0.41   0.25   0.14 
  0.61   0.11   0.33   0.75   0.91   0.72   0.56   0.80   0.57   0.47 
  0.87   0.97   0.63   0.43   0.77   0.78   0.49   0.93   0.37   0.64 
  0.71   0.61   0.54   0.20   0.20   0.40   0.50   0.34   0.96   0.15 
---
G_right: 10 9
  0.17   0.15   0.21   0.30   0.44   0.91   0.29   0.69   0.16 
  0.55   0.75   0.58   0.71   0.37   0.82   0.13   0.24   0.37 
  0.32   0.83   0.50   0.60   0.33   0.33   0.74   0.54   0.31 
  0.95   0.98   0.16   0.26   0.46   0.26   0.35   0.96   0.25 
  0.69   0.95   0.95   0.54   0.18   0.74   0.21   0.66   0.58 
  0.63   0.13   0.50   0.52   0.57   0.28   0.29   0.42   0.81 
  0.61   0.99   0.93   0.38   0.42   0.15   0.56   0.54   0.64 
  0.90   0.38   0.51   0.93   0.96   0.89   0.33   0.11   0.99 
  0.52   0.19   0.26   0.88   0.86   0.87   0.46   0.88   0.45 
  0.84   0.78   0.66   0.90   0.70   0.90   0.69   0.67   0.46 
---
G_diag: 9 9
  2.25   4.96   4.29   4.96   5.62   4.10   4.61   3.14   8.75 
  9.90   4.52   5.64   8.26   6.75   8.46   4.91   6.85   8.04 
  3.53   9.57   5.80   6.94   2.25   9.60   7.44   2.20   3.19 
  5.27   5.99   6.74   2.15   4.62   9.41   9.63   2.52   6.76 
  6.63   2.48   6.30   9.58   9.12   8.08   9.50   9.62   4.81 
  5.76   8.13   6.40   4.33   5.41   9.86   7.42   8.77   7.63 
  4.80   5.26   7.17   3.18   2.63   2.53   6.77   3.03   8.64 
  2.72   3.96   6.28   5.01   9.82   2.87   7.86   2.65   6.72 
  5.73   2.87   2.49   9.64   2.39   2.18   8.00   3.59   7.15 
---
