G_down: 9 10
  0.73   0.87   0.51   0.40   0.53   0.76   0.38   0.71   0.28   0.34 
  0.47   0.49   0.16   0.43   0.79   0.58   0.34   0.56   0.80   0.75 
  0.68   0.22   0.32   0.67   0.98   0.11   0.53   0.89   0.28   0.85 
  0.23   0.72   0.54   0.29   0.90   0.12   0.18   0.72   0.24   0.22 
  0.74   0.23   0.10   0.52   0.46   0.54   0.20   0.98   0.14   0.11 
  0.84   0.18   0.84   0.69   0.76   0.53   0.21   0.94   0.28   0.48 
  0.57   0.51   0.99   0.70   0.62   0.79   0.95   0.63   0.70   0.55 
  0.92   0.17   0.26   0.86   0.88   0.51   0.40   0.27   0.70   0.96 
  0.78   0.27   0.32   0.93   0.77   0.28   0.24   0.65   0.87   0.70 
---
G_right: 10 9
  0.11   0.98   0.54   0.48   0.32   0.84   0.25   0.45   0.82 
  0.95   0.50   0.73   0.12   0.56   0.59   0.73   0.75   0.78 
  0.74   0.99   0.58   0.58   0.52   0.45   0.42   0.60   0.88 
  0.60   0.27   0.71   0.22   0.95   0.97   0.66   0.31   0.42 
  0.30   0.46   0.60   0.74   0.50   0.70   0.15   0.99   0.41 
  0.30   0.45   0.72   0.23   0.28   0.43   0.61   0.22   0.93 
  0.25   0.83   0.86   0.79   0.13   0.13   0.52   0.70   0.25 
  0.81   0.58   0.61   0.52   0.19   0.36   0.55   0.19   0.51 
  0.27   0.17   0.30   0.66   0.11   0.29   0.82   0.18   0.24 
  0.20   0.51   0.47   0.11   0.57   0.54   0.44   0.51   0.17 
---
