G_down: 9 10
  0.67   0.20   0.50   0.74   0.79   0.64   0.46   0.34   0.44   0.79 
  0.35   0.66   0.31   0.92   0.49   0.21   0.41   0.23   0.25   0.27 
  0.15   0.73   0.52   0.51   0.29   0.29   0.16   0.66   0.45   0.18 
  0.15   0.80   0.28   0.46   0.11   0.76   0.86   0.55   0.89   0.41 
  0.30   0.15   0.40   0.96   0.42   0.51   0.35   0.46   0.65   0.81 
  0.38   0.92   0.58   0.37   0.33   0.42   0.52   0.33   0.61   0.16 
  0.44   0.22   0.90   0.82   0.89   0.94   0.50   0.36   0.39   0.38 
  0.67   0.70   0.75   0.41   0.22   0.83   0.97   0.13   0.87   0.44 
  0.95   0.50   0.46   0.77   0.46   0.22   0.61   0.36   0.20   0.95 
---
G_right: 10 9
  0.11   0.70   0.90   0.26   0.22   0.23   0.21   0.92   0.84 
  0.96   0.69   0.18   0.59   0.84   0.61   0.45   0.83   0.96 
  0.41   0.96   0.71   0.80   0.17   0.81   0.89   0.22   0.24 
  0.96   0.79   0.23   0.32   0.44   0.63   0.53   0.75   0.15 
  0.64   0.88   0.68   0.12   0.40   0.20   0.44   0.81   0.26 
  0.94   0.39   0.45   0.71   0.50   0.88   0.88   0.12   0.23 
  0.19   0.43   0.62   0.57   0.68   0.40   0.25   0.71   0.56 
  0.85   0.79   0.82   0.68   0.71   0.54   0.37   0.39   0.72 
  0.22   0.35   0.35   0.46   0.10   0.66   0.57   0.33   0.65 
  0.26   0.89   0.45   0.93   0.69   0.12   0.89   0.32   0.33 
---
