G_down: 9 10
  0.60   0.43   0.38   0.40   0.52   0.66   0.52   0.59   0.10   0.91 
  0.31   0.74   0.33   0.42   0.16   0.10   0.32   0.26   0.37   0.66 
  0.58   0.14   0.83   0.89   0.38   0.58   0.49   0.12   0.78   0.93 
  0.99   0.87   0.86   0.45   0.68   0.75   0.89   0.43   0.67   0.33 
  0.57   0.43   0.86   0.26   0.55   0.76   0.19   0.20   0.29   0.50 
  0.50   0.52   0.20   0.69   0.44   0.11   0.76   0.18   0.41   0.80 
  0.89   0.68   0.65   0.29   0.80   0.47   0.57   0.48   0.27   0.19 
  0.29   0.50   0.34   0.92   0.80   0.12   0.85   0.42   0.13   0.60 
  0.20   0.32   0.49   0.29   0.45   0.57   0.70   0.44   0.93   0.11 
---
G_right: 10 9
  0.21   0.21   0.35   0.51   0.80   0.88   0.69   0.60   0.96 
  0.14   0.14   0.97   0.72   0.18   0.59   0.40   0.36   0.48 
  0.52   0.18   0.39   0.36   0.75   0.87   0.17   0.43   0.73 
  0.27   0.38   0.74   0.99   0.29   0.79   0.52   0.84   0.31 
  0.73   0.97   0.91   0.83   0.30   0.40   0.68   0.97   0.52 
  0.70   0.38   0.61   0.61   0.40   0.57   0.92   0.45   0.58 
  0.71   0.85   0.67   0.30   0.65   0.37   0.75   0.56   0.74 
  0.14   0.93   0.31   0.39   0.86   0.97   0.63   0.31   0.69 
  0.74   0.87   0.96   0.46   0.43   0.45   0.27   0.52   0.56 
  0.54   0.21   0.82   0.62   0.88   0.42   0.27   0.26   0.83 
---
