G_down: 9 10
  0.70   0.94   0.72   0.30   0.74   0.54   0.70   0.50   0.41   0.28 
  0.96   0.21   0.61   0.71   0.61   0.88   0.30   0.55   0.49   0.78 
  0.42   0.50   0.65   0.45   0.81   0.69   0.62   0.63   0.77   0.26 
  0.26   0.42   0.28   0.90   0.46   0.99   0.34   0.23   0.31   0.80 
  0.42   0.79   0.21   0.70   0.77   0.27   0.98   0.23   0.48   0.72 
  0.82   0.49   0.80   0.78   0.84   0.23   0.41   0.39   0.55   0.31 
  0.89   0.19   0.40   0.67   0.17   0.23   0.72   0.88   0.12   0.99 
  0.53   0.82   0.64   0.84   0.94   0.95   0.37   0.45   0.64   0.81 
  0.84   0.69   0.23   0.62   0.68   0.49   0.98   0.37   0.67   0.27 
---
G_right: 10 9
  0.24   0.26   0.58   0.15   0.75   0.52   0.45   0.87   0.13 
  0.64   0.46   0.11   0.43   0.95   0.89   0.17   0.74   0.66 
  0.48   0.62   0.85   0.20   0.32   0.84   0.30   0.79   0.76 
  0.54   0.45   0.20   0.14   0.74   0.16   0.49   0.21   0.49 
  0.49   0.24   0.21   0.24   0.77   0.96   0.22   0.61   0.51 
  0.32   0.23   0.98   0.34   0.62   0.38   0.39   0.64   0.53 
  0.90   0.29   0.79   0.97   0.64   0.27   0.12   0.90   0.30 
  0.63   0.98   0.99   0.11   0.75   0.49   0.21   0.12   0.66 
  0.17   0.81   0.57   0.64   0.15   0.67   0.19   0.14   0.42 
  0.46   0.23   0.23   0.49   0.43   0.14   0.73   0.11   0.74 
---
G_diag: 9 9
  5.37   6.24   3.94   4.83   5.22   6.90   5.19   3.41   8.14 
  8.34   4.39   8.74   5.56   5.26   6.27   6.17   5.89   8.74 
  7.32   6.32   2.36   8.88   4.55   5.20   2.55   4.93   8.81 
  4.73   9.45   2.76   6.96   8.09   5.35   7.34   7.15   6.70 
  2.48   7.57   2.56   6.41   9.22   3.63   7.19   8.62   4.00 
  4.50   8.36   9.66   2.40   8.23   2.53   2.37   8.44   3.85 
  7.57   4.54   3.83   6.90   4.61   8.85   4.87   5.78   7.43 
  8.08   5.25   3.47   4.16   4.77   2.58   3.03   6.71   8.62 
  4.11   7.78   9.10   8.77   8.21   9.01   6.36   2.34   9.50 
---
