G_down: 9 10
  0.88   0.28   0.90   0.21   0.26   0.23   0.30   0.56   0.94   0.21 
  0.52   0.74   0.55   0.58   0.73   0.89   0.34   0.38   0.60   0.70 
  0.21   0.70   0.82   0.62   0.68   0.20   0.17   0.66   0.84   0.61 
  0.50   0.97   0.93   0.14   0.39   0.82   0.58   0.54   0.97   0.69 
  0.73   0.53   0.32   0.49   0.71   0.80   0.29   0.72   0.88   0.57 
  0.68   0.47   0.19   0.85   0.18   0.47   0.29   0.57   0.62   0.75 
  0.10   0.52   0.53   0.31   0.28   0.51   0.49   0.46   0.23   0.21 
  0.63   0.47   0.16   0.62   0.58   0.15   0.34   0.32   0.70   0.15 
  0.86   0.90   0.47   0.19   0.79   0.81   0.55   0.77   0.74   0.57 
---
G_right: 10 9
  0.90   0.12   0.21   0.45   0.59   0.35   0.46   0.75   0.42 
  0.60   0.30   0.72   0.30   0.54   0.93   0.76   0.21   0.65 
  0.79   0.81   0.94   0.95   0.84   0.64   0.61   0.70   0.19 
  0.89   0.38   0.92   0.39   0.61   0.68   0.61   0.53   0.62 
  0.49   0.66   0.40   0.28   0.39   0.64   0.28   0.81   0.82 
  0.21   0.11   0.88   0.97   0.38   0.39   0.28   0.44   0.94 
  0.61   0.53   0.56   0.33   0.49   0.23   0.95   0.75   0.19 
  0.82   0.30   0.59   0.93   0.14   0.30   0.14   0.91   0.12 
  0.98   0.76   0.66   0.84   0.75   0.77   0.45   0.63   0.36 
  0.63   0.70   0.31   0.79   0.13   0.16   0.10   0.51   0.93 
---
G_diag: 9 9
  6.96   5.71   7.17   4.72   2.90   8.58   7.62   4.57   9.38 
  5.77   5.14   4.06   5.51   5.55   5.10   2.83   8.93   6.89 
  7.65   9.47   4.01   3.05   2.65   5.35   3.09   5.97   9.49 
  6.28   8.93   9.15   8.41   7.46   8.04   2.58   4.70   5.62 
  7.38   8.20   3.03   7.34   2.66   7.66   3.87   4.46   8.31 
  5.89   3.17   6.14   6.51   3.54   4.50   6.33   2.87   9.50 
  6.42   8.26   6.56   5.95   5.89   3.40   4.49   8.33   6.15 
  5.00   2.20   4.48   6.54   6.52   4.81   7.17   8.93   7.52 
  3.70   3.63   2.87   7.99   5.97   4.13   4.65   5.23   3.20 
---
