G_down: 9 10
  0.67   0.76   0.24   0.80   0.84   0.21   0.55   0.24   0.56   0.42 
  0.51   0.44   0.63   0.20   0.77   0.40   0.11   0.96   0.74   0.44 
  0.58   0.43   0.85   0.20   0.10   0.53   0.78   0.72   0.71   0.31 
  0.40   0.78   0.96   0.48   0.31   0.58   0.36   0.98   0.70   0.15 
  0.69   0.32   0.38   0.29   0.88   0.66   0.43   0.80   0.88   0.30 
  0.15   0.22   0.76   0.92   0.58   0.51   0.49   0.74   0.42   0.19 
  0.59   0.66   0.93   0.46   0.54   0.80   0.45   0.25   0.49   0.26 
  0.78   0.28   0.48   0.66   0.51   0.23   0.19   0.59   0.23   0.97 
  0.26   0.39   0.75   0.11   0.27   0.28   0.21   0.41   0.69   0.68 
---
G_right: 10 9
  0.99   0.22   0.88   0.22   0.30   0.35   0.83   0.16   0.43 
  0.59   0.37   0.92   0.56   0.69   0.68   0.32   0.46   0.18 
  0.49   0.41   0.18   0.51   0.29   0.88   0.49   0.40   0.78 
  0.11   0.66   0.43   0.18   0.34   0.34   0.96   0.13   0.75 
  0.23   0.50   0.63   0.75   0.56   0.92   0.77   0.83   0.46 
  0.93   0.78   0.95   0.49   0.46   0.42   0.50   0.11   0.31 
  0.29   0.55   0.46   0.54   0.68   0.22   0.32   0.24   0.14 
  0.64   0.94   0.38   0.34   0.50   0.78   0.70   0.96   0.41 
  0.45   0.76   0.27   0.80   0.29   0.44   0.94   0.41   0.21 
  0.45   0.33   0.51   0.51   0.16   0.23   0.28   0.59   0.65 
---
