G_down: 9 10
  0.54   0.33   0.90   0.78   0.72   0.70   0.75   0.90   0.79   0.82 
  0.27   0.28   0.84   0.92   0.95   0.96   0.94   0.40   0.53   0.70 
  0.67   0.58   0.15   0.88   0.32   0.98   0.25   0.49   0.89   0.37 
  0.24   0.39   0.80   0.25   0.64   0.74   0.38   0.39   0.28   0.72 
  0.11   0.28   0.94   0.68   0.13   0.48   0.93   0.59   0.36   0.60 
  0.48   0.21   0.32   0.43   0.41   0.21   0.30   0.75   0.31   0.97 
  0.83   0.62   0.67   0.66   0.69   0.74   0.38   0.58   0.34   0.62 
  0.41   0.91   0.24   0.87   0.25   0.35   0.70   0.57   0.16   0.70 
  0.93   0.51   0.24   0.49   0.91   0.60   0.48   0.93   0.82   0.53 
---
G_right: 10 9
  0.52   0.98   0.65   0.27   0.22   0.77   0.47   0.89   0.28 
  0.41   0.90   0.26   0.69   0.56   0.66   0.77   0.89   0.27 
  0.33   0.78   0.77   0.94   0.55   0.12   0.77   0.15   0.13 
  0.98   0.42   0.67   0.40   0.57   0.77   0.67   0.92   0.76 
  0.30   0.53   0.34   0.15   0.36   0.94   0.97   0.59   0.93 
  0.90   0.69   0.37   0.72   0.80   0.90   0.50   0.35   0.91 
  0.98   0.77   0.18   0.86   0.74   0.30   0.97   0.72   0.70 
  0.12   0.13   0.84   0.29   0.87   0.96   0.29   0.65   0.12 
  0.78   0.13   0.79   0.41   0.93   0.57   0.87   0.93   0.21 
  0.37   0.38   0.35   0.11   0.64   0.92   0.63   0.49   0.17 
---
G_diag: 9 9
  3.44   7.99   2.74   6.30   2.17   9.08   6.55   3.24   3.23 
  3.51   9.66   2.48   5.72   7.36   2.47   8.39   5.51   2.29 
  7.38   8.32   7.37   2.43   6.98   3.51   6.36   9.86   7.76 
  8.85   3.37   8.10   5.51   3.70   3.05   3.20   8.92   6.86 
  5.48   6.98   8.11   4.02   8.87   6.85   7.15   4.28   2.81 
  5.79   9.40   6.16   7.17   2.36   8.26   4.72   4.97   2.29 
  5.66   3.55   3.62   7.91   4.45   9.15   8.21   3.78   8.90 
  4.17   6.92   6.60   8.82   3.10   8.34   7.23   9.32   5.02 
  6.91   5.11   5.45   9.80   7.34   7.41   6.79   5.97   3.92 
---
