G_down: 9 10
  0.81   0.40   0.38   0.65   0.74   0.78   0.42   0.98   0.18   0.26 
  0.66   0.66   0.82   0.79   0.25   0.95   0.77   0.12   0.22   0.33 
  0.27   0.82   0.12   0.89   0.14   0.41   0.60   0.14   0.59   0.93 
  0.98   0.23   0.83   0.30   0.60   0.65   0.13   0.55   0.29   0.90 
  0.50   0.59   0.95   0.71   0.40   0.40   0.35   0.88   0.61   0.92 
  0.40   0.53   0.14   0.79   0.55   0.53   0.24   0.71   0.24   0.61 
  0.56   0.33   0.21   0.25   0.79   0.47   0.18   0.95   0.90   0.31 
  0.15   0.45   0.61   0.66   0.97   0.69   0.20   0.52   0.10   0.99 
  0.60   0.34   0.75   0.15   0.71   0.71   0.56   0.31   0.41   0.12 
---
G_right: 10 9
  0.81   0.21   0.74   0.92   0.12   0.27   0.97   0.47   0.82 
  0.61   0.25   0.92   0.19   0.30   0.53   0.57   0.60   0.74 
  0.52   0.17   0.26   0.48   0.10   0.33   0.44   0.64   0.56 
  0.97   0.99   0.51   0.93   0.79   0.86   0.69   0.75   0.44 
  0.36   0.72   0.42   0.60   0.40   0.74   0.73   0.57   0.90 
  0.78   0.38   0.95   0.66   0.79   0.58   0.63   0.80   0.34 
  0.91   0.84   0.41   0.63   0.41   0.34   0.92   0.23   0.96 
  0.78   0.48   0.88   0.40   0.64   0.95   0.80   0.89   0.67 
  0.39   0.42   0.76   0.65   0.60   0.45   0.28   0.23   0.37 
  0.34   0.86   0.24   0.35   0.91   0.21   0.76   0.52   0.28 
---
G_diag: 9 9
  5.97   5.76   2.11   7.05   5.67   2.41   8.66   4.56   3.78 
  3.22   6.77   7.27   2.72   5.67   5.61   8.09   4.25   5.50 
  5.53   7.10   9.54   2.18   7.57   8.20   2.61   3.55   5.68 
  5.53   5.91   2.11   9.69   7.00   6.35   6.85   4.76   4.32 
  6.59   6.85   4.46   4.95   4.17   7.70   8.29   7.19   9.33 
  7.84   8.70   5.78   6.11   4.86   2.61   9.69   5.73   2.76 
  2.42   8.39   4.65   8.90   2.79   7.28   8.40   8.65   4.83 
  3.42   8.89   3.88   5.94   9.07   9.44   7.01   6.91   9.23 
  7.81   4.80   3.86   4.19   7.22   5.42   5.89   3.75   8.61 
---
