G_down: 9 10
  0.63   0.61   0.87   0.94   0.69   0.94   0.97   0.88   0.71   0.85 
  0.92   0.35   0.18   0.37   0.42   0.29   0.46   0.81   0.48   0.76 
  0.67   0.26   0.41   0.18   0.41   0.48   0.45   0.29   0.65   0.55 
  0.59   0.27   0.89   0.28   0.55   0.95   0.36   0.14   0.64   0.90 
  0.41   0.83   0.31   0.28   0.36   0.37   0.21   0.33   0.59   0.93 
  0.39   0.54   0.95   0.28   0.73   0.78   0.82   0.94   0.37   0.68 
  0.91   0.68   0.87   0.68   0.82   0.27   0.96   0.83   0.96   0.53 
  0.83   0.45   0.22   0.34   0.84   0.22   0.78   0.78   0.66   0.85 
  0.87   0.87   0.84   0.79   0.49   0.42   0.35   0.63   0.88   0.90 
---
G_right: 10 9
  0.50   0.98   0.10   0.62   0.42   0.31   0.39   0.70   0.97 
  0.34   0.54   0.90   0.78   0.39   0.25   0.13   0.31   0.98 
  0.25   0.70   0.22   0.66   0.25   0.26   0.71   0.85   0.18 
  0.43   0.47   0.87   0.46   0.15   0.55   0.23   0.79   0.67 
  0.76   0.13   0.81   0.39   0.59   0.58   0.33   0.54   0.24 
  0.77   0.41   0.42   0.42   0.42   0.66   0.13   0.42   0.23 
  0.50   0.33   0.98   0.20   0.26   0.42   0.63   0.91   0.98 
  0.63   0.65   0.55   0.84   0.12   0.26   0.34   0.68   0.80 
  0.33   0.58   0.82   0.91   0.82   0.56   0.59   0.27   0.25 
  0.86   0.96   0.76   0.98   0.21   0.91   0.39   0.21   0.78 
---
G_diag: 9 9
  2.52   6.94   6.22   6.33   7.73   5.75   7.76   8.99   3.62 
  5.56   3.62   9.49   9.54   4.47   2.20   9.38   3.41   6.22 
  6.33   8.75   7.16   8.80   5.90   3.33   6.42   4.61   7.76 
  9.52   8.12   6.95   4.46   4.18   3.61   8.98   2.27   5.13 
  8.36   4.44   4.16   9.23   6.94   4.93   2.14   6.50   9.58 
  7.71   8.36   2.66   5.19   2.45   5.15   3.45   5.26   5.46 
  2.50   6.93   3.60   8.26   8.18   3.65   3.83   8.67   8.45 
  4.65   8.68   7.92   5.06   9.16   7.26   8.62   8.84   8.17 
  8.96   4.70   6.02   4.15   6.78   2.51   6.22   8.89   3.39 
---
