G_down: 9 10
  0.55   0.13   0.12   0.89   0.22   0.17   0.24   0.40   0.16   0.34 
  0.84   0.13   0.83   0.64   0.36   0.31   0.48   0.83   0.25   0.57 
  0.54   0.11   0.20   0.82   0.47   0.86   0.99   0.38   0.88   0.57 
  0.49   0.53   0.76   0.38   0.90   0.31   0.48   0.43   0.54   0.85 
  0.86   0.55   0.68   0.24   0.38   0.85   0.52   0.25   0.52   0.23 
  0.37   0.24   0.44   0.21   0.65   0.56   0.99   0.67   0.46   0.78 
  0.83   0.50   0.55   0.49   0.63   0.32   0.38   0.93   0.93   0.32 
  0.72   0.95   0.21   0.25   0.12   0.53   0.98   0.32   0.20   0.41 
  0.31   0.52   0.21   0.53   0.10   0.32   0.32   0.11   0.67   0.90 
---
G_right: 10 9
  0.61   0.41   0.82   0.94   0.84   0.45   0.76   0.30   0.43 
  0.73   0.12   0.65   0.61   0.72   0.30   0.92   0.90   0.75 
  0.45   0.19   0.72   0.41   0.65   0.80   0.53   0.87   0.68 
  0.53   0.99   0.27   0.94   0.21   0.32   0.45   0.94   0.72 
  0.63   0.15   0.62   0.25   0.79   0.14   0.17   0.70   0.93 
  0.70   0.23   0.82   0.83   0.62   0.32   0.71   0.62   0.39 
  0.80   0.99   0.33   0.49   0.97   0.57   0.96   0.69   0.66 
  0.35   0.44   0.85   0.53   0.47   0.26   0.79   0.10   0.40 
  0.13   0.95   0.13   0.92   0.85   0.52   0.79   0.67   0.76 
  0.17   0.19   0.46   0.80   0.22   0.25   0.75   0.97   0.50 
---
G_diag: 9 9
  6.62   5.39   5.66   6.51   6.25   2.96   3.28   3.86   3.46 
  3.06   8.56   5.55   9.08   4.22   2.93   9.63   9.05   3.78 
  9.10   9.27   4.49   6.77   2.21   6.76   9.77   7.21   9.84 
  8.93   9.17   9.40   6.63   9.88   3.94   2.13   3.89   4.45 
  4.55   6.28   3.51   2.59   7.82   2.31   2.13   3.59   8.42 
  8.67   9.11   7.74   6.29   4.07   9.35   6.95   4.41   4.65 
  2.76   4.56   6.79   5.04   4.23   3.99   4.63   4.34   9.67 
  7.13   3.21   8.17   9.15   9.21   6.58   5.22   5.09   9.81 
  5.86   3.67   3.45   2.94   4.15   2.32   4.48   3.46   8.13 
---
