G_down: 9 10
  0.52   0.47   0.71   0.60   0.80   0.23   0.36   0.85   0.36   0.89 
  0.90   0.66   0.64   0.35   0.82   0.60   0.51   0.24   0.33   0.79 
  0.95   0.55   0.67   0.24   0.57   0.87   0.30   0.72   0.82   0.18 
  0.33   0.31   0.61   0.74   0.21   0.77   0.22   0.55   0.25   0.63 
  0.29   0.25   0.15   0.86   0.45   0.12   0.94   0.52   0.32   0.57 
  0.74   0.89   0.68   0.57   0.70   0.55   0.30   0.39   0.52   0.73 
  0.13   0.31   0.57   0.21   0.49   0.53   0.80   0.87   0.60   0.51 
  0.64   0.34   0.36   0.20   0.73   0.72   0.88   0.60   0.61   0.46 
  0.36   0.81   0.96   0.13   0.55   0.94   0.13   0.58   0.67   0.19 
---
G_right: 10 9
  0.51   0.65   0.92   0.36   0.23   0.26   0.82   0.75   0.38 
  0.49   0.10   0.19   0.22   0.51   0.30   0.92   0.81   0.90 
  0.17   0.35   0.67   0.26   0.16   0.42   0.62   0.26   0.36 
  0.14   0.40   0.19   0.82   0.94   0.77   0.69   0.53   0.39 
  0.90   0.21   0.53   0.62   0.77   0.99   0.65   0.85   0.45 
  0.21   0.32   0.43   0.84   0.31   0.31   0.12   0.45   0.82 
  0.57   0.37   0.82   0.54   0.34   0.61   0.98   0.81   0.29 
  0.24   0.94   0.60   0.69   0.60   0.12   0.39   0.73   0.24 
  0.37   0.19   0.25   0.11   0.98   0.38   0.13   0.11   0.46 
  0.35   0.95   0.49   0.98   0.51   0.23   0.62   0.93   0.67 
---
G_diag: 9 9
  8.96   3.60   3.12   4.11   3.61   4.32   4.00   9.71   8.12 
  4.21   3.57   8.28   3.70   6.09   9.20   5.43   5.83   7.20 
  3.46   8.41   2.65   7.27   4.56   9.62   9.69   6.69   8.77 
  8.42   3.81   8.72   7.91   5.29   6.08   2.30   5.43   4.53 
  3.21   3.79   8.72   9.82   8.61   4.86   5.35   8.91   5.97 
  2.32   2.36   4.68   7.66   8.00   3.85   2.86   2.26   8.40 
  5.52   5.26   6.37   4.24   5.97   8.61   7.83   5.39   2.54 
  9.49   7.78   9.27   6.89   8.44   9.10   4.52   5.99   2.52 
  4.09   4.97   8.07   5.52   4.46   6.74   3.31   2.71   9.10 
---
