G_down: 9 10
  0.15   0.39   0.16   0.75   0.42   0.34   0.72   0.82   0.13   0.35 
  0.49   0.42   0.47   0.47   0.83   0.33   0.61   0.49   0.43   0.37 
  0.57   0.29   0.53   0.29   0.63   0.74   0.23   0.21   0.42   0.13 
  0.69   0.45   0.18   0.34   0.72   0.88   0.16   0.87   0.47   0.36 
  0.73   0.19   0.39   0.59   0.72   0.47   0.93   0.70   0.75   0.37 
  0.51   0.86   0.60   0.25   0.52   0.84   0.58   0.51   0.86   0.23 
  0.95   0.75   0.67   0.66   0.26   0.59   0.75   0.76   0.97   0.59 
  0.88   0.60   0.15   0.37   0.93   0.87   0.64   0.80   0.60   0.75 
  0.75   0.22   0.99   0.11   0.38   0.43   0.91   0.27   0.73   0.28 
---
G_right: 10 9
  0.91   0.66   0.35   0.21   0.76   0.36   0.61   0.74   0.81 
  0.74   0.18   0.10   0.49   0.29   0.84   0.55   0.74   0.78 
  0.20   0.25   0.73   0.81   0.74   0.66   0.90   0.35   0.20 
  0.52   0.41   0.28   0.13   0.48   0.45   0.20   0.67   0.83 
  0.11   0.95   0.86   0.95   0.65   0.46   0.21   0.65   0.51 
  0.19   0.77   0.25   0.51   0.66   0.57   0.61   0.50   0.62 
  0.12   0.84   0.34   0.24   0.79   0.36   0.89   0.13   0.53 
  0.17   0.91   0.34   0.47   0.93   0.35   0.11   0.82   0.19 
  0.98   0.15   0.63   0.47   0.77   0.55   0.97   0.60   0.23 
  0.25   0.70   0.12   0.54   0.55   0.33   0.51   0.13   0.30 
---
