G_down: 9 10
  0.90   0.59   0.85   0.17   0.80   0.62   0.49   0.71   0.92   0.54 
  0.81   0.15   0.47   0.41   0.34   0.88   0.65   0.48   0.32   0.30 
  0.37   0.40   0.63   0.13   0.42   0.67   0.74   0.87   0.98   0.40 
  0.15   0.11   0.85   0.78   0.66   0.42   0.50   0.43   0.20   0.90 
  0.96   0.43   0.46   0.41   0.67   0.38   0.44   0.95   0.70   0.78 
  0.32   0.86   0.59   0.90   0.26   0.38   0.42   0.88   0.22   0.85 
  0.86   0.52   0.83   0.89   0.39   0.94   0.97   0.21   0.54   0.83 
  0.69   0.87   0.27   0.64   0.82   0.72   0.16   0.33   0.78   0.57 
  0.29   0.65   0.62   0.83   0.29   0.42   0.15   0.54   0.65   0.39 
---
G_right: 10 9
  0.19   0.57   0.21   0.82   0.78   0.72   0.40   0.38   0.27 
  0.45   0.78   0.54   0.89   0.19   0.16   0.74   0.58   0.41 
  0.98   0.44   0.31   0.24   0.81   0.96   0.22   0.42   0.17 
  0.96   0.42   0.55   0.64   0.43   0.51   0.67   0.83   0.45 
  0.86   0.46   0.42   0.23   0.19   0.20   0.40   0.34   0.76 
  0.14   0.36   0.66   0.38   0.18   0.82   0.59   0.46   0.98 
  0.80   0.12   0.41   0.43   0.21   0.96   0.57   0.82   0.84 
  0.98   0.72   0.48   0.65   0.25   0.78   0.48   0.23   0.46 
  0.42   0.89   0.12   0.74   0.34   0.83   0.26   0.43   0.49 
  0.23   0.18   0.86   0.16   0.53   0.15   0.86   0.82   0.59 
---
G_diag: 9 9
  6.11   5.19   4.17   8.73   5.41   2.20   6.97   3.96   9.24 
  5.38   3.97   7.94   5.82   6.31   9.44   2.16   7.27   7.24 
  5.64   4.68   4.23   2.83   6.11   3.45   2.39   7.55   4.50 
  8.04   4.56   2.48   4.60   4.49   3.57   9.54   2.29   9.85 
  4.45   4.96   7.42   3.78   3.31   6.57   7.12   7.42   4.92 
  9.50   3.92   7.21   7.89   8.85   7.80   6.87   5.77   4.13 
  2.44   2.17   5.20   4.93   2.82   3.29   6.08   7.10   4.98 
  3.62   7.51   4.56   6.23   5.86   7.65   6.85   2.92   3.36 
  3.06   5.36   8.20   9.38   2.55   4.35   3.25   4.35   7.82 
---
