G_down: 9 10
  0.92   0.39   0.18   0.24   0.78   0.49   0.38   0.92   0.93   0.53 
  0.58   0.71   0.28   0.18   0.66   0.12   0.44   0.28   0.48   0.91 
  0.44   0.86   0.93   0.63   0.19   0.81   0.36   0.32   0.61   0.65 
  0.59   0.13   0.72   0.66   0.89   0.14   0.18   0.81   0.10   0.41 
  0.49   0.14   0.70   0.80   0.23   0.46   0.74   0.42   0.23   0.73 
  0.54   0.65   0.11   0.15   0.74   0.48   0.55   0.80   0.20   0.79 
  0.68   0.87   0.55   0.92   0.47   0.49   0.93   0.82   0.44   0.82 
  0.59   0.71   0.13   0.17   0.33   0.97   0.72   0.32   0.18   0.42 
  0.14   0.90   0.19   0.82   0.41   0.28   0.16   0.63   0.63   0.10 
---
G_right: 10 9
  0.19   0.67   0.96   0.97   0.98   0.73   0.17   0.54   0.76 
  0.81   0.12   0.22   0.71   0.65   0.94   0.30   0.25   0.51 
  0.30   0.76   0.29   0.30   0.81   0.76   0.94   0.20   0.29 
  0.93   0.87   0.11   0.68   0.21   0.76   0.76   0.76   0.66 
  0.94   0.65   0.91   0.65   0.57   0.78   0.45   0.76   0.13 
  0.36   0.71   0.95   0.70   0.80   0.42   0.22   0.93   0.31 
  0.29   0.94   0.35   0.56   0.44   0.71   0.63   0.19   0.30 
  0.37   0.19   0.92   0.11   0.79   0.84   0.97   0.32   0.25 
  0.81   0.24   0.75   0.57   0.52   0.17   0.59   0.45   0.98 
  0.89   0.80   0.57   0.77   0.26   0.48   0.70   0.69   0.68 
---
