G_down: 9 10
  0.96   0.91   0.47   0.87   0.52   0.41   0.28   0.30   0.63   0.36 
  0.89   0.57   0.88   0.62   0.33   0.26   0.62   0.20   0.33   0.79 
  0.51   0.61   0.47   0.86   0.31   0.78   0.69   0.20   0.33   0.90 
  0.74   0.29   0.45   0.33   0.79   0.89   0.39   0.65   0.25   0.92 
  0.35   0.84   0.51   0.83   0.26   0.15   0.40   0.36   0.30   0.53 
  0.45   0.12   0.79   0.90   0.76   0.89   0.51   0.25   0.51   0.85 
  0.67   0.79   0.29   0.98   0.20   0.91   0.43   0.75   0.98   0.12 
  0.56   0.36   0.89   0.84   0.99   0.50   0.16   0.30   0.34   0.79 
  0.32   0.65   0.30   0.91   0.23   0.81   0.51   0.71   0.49   0.53 
---
G_right: 10 9
  0.42   0.10   0.57   0.87   0.15   0.17   0.77   0.70   0.67 
  0.66   0.58   0.95   0.39   0.74   0.25   0.18   0.12   0.52 
  0.31   0.92   0.89   0.97   0.85   0.14   0.63   0.65   0.11 
  0.71   0.19   0.34   0.83   0.83   0.50   0.29   0.41   0.45 
  0.38   0.48   0.12   0.24   0.99   0.94   0.38   0.18   0.16 
  0.51   0.76   0.31   0.38   0.48   0.24   0.75   0.22   0.23 
  0.78   0.51   0.59   0.36   0.90   0.66   0.49   0.24   0.40 
  0.68   0.14   0.81   0.51   0.73   0.59   0.23   0.87   0.60 
  0.59   0.97   0.23   0.35   0.53   0.57   0.48   0.67   0.19 
  0.46   0.87   0.44   0.29   0.36   0.28   0.11   0.86   0.38 
---
G_diag: 9 9
  3.84   2.87   9.05   7.91   5.83   4.79   6.87   5.90   6.39 
  8.62   5.17   4.66   3.88   8.44   2.58   9.40   2.74   8.33 
  8.93   5.76   5.32   8.11   9.67   9.89   6.09   9.48   9.20 
  7.74   3.23   8.65   7.98   4.71   8.76   4.48   8.80   9.54 
  6.02   5.74   3.16   8.55   2.99   8.54   2.57   5.67   9.03 
  9.75   6.29   2.88   6.24   9.82   8.22   4.05   8.96   2.28 
  3.67   3.75   8.47   8.84   4.65   3.87   3.42   6.32   2.86 
  7.18   8.15   2.99   7.57   3.78   7.01   4.75   7.63   7.49 
  7.07   7.68   5.81   9.14   9.06   3.70   6.13   2.29   3.51 
---
