G_down: 9 10
  0.98   0.11   0.85   0.24   0.83   0.67   0.70   0.58   0.59   0.42 
  0.61   0.48   0.40   0.40   0.66   0.38   0.87   0.33   0.21   0.26 
  0.85   0.31   0.77   0.15   0.48   0.87   0.26   0.70   0.38   0.24 
  0.60   0.10   0.43   0.58   0.63   0.76   0.18   0.45   0.24   0.39 
  0.67   0.18   0.66   0.50   0.74   0.27   0.95   0.41   0.43   0.75 
  0.84   0.55   0.65   0.43   0.70   0.41   0.69   0.48   0.79   0.50 
  0.22   0.19   0.38   0.30   0.61   0.69   0.32   0.86   0.72   0.18 
  0.82   0.68   0.58   0.76   0.34   0.31   0.86   0.31   0.69   0.63 
  0.82   0.36   0.44   0.80   0.45   0.48   0.57   0.60   0.71   0.54 
---
G_right: 10 9
  0.47   0.67   0.55   0.39   0.34   0.50   0.92   0.18   0.62 
  0.71   0.91   0.38   0.64   0.58   0.55   0.17   0.46   0.27 
  0.27   0.84   0.64   0.70   0.18   0.50   0.16   0.82   0.53 
  0.83   0.93   0.89   0.25   0.28   0.57   0.25   0.25   0.82 
  0.98   0.75   0.44   0.10   0.43   0.98   0.53   0.34   0.61 
  0.45   0.29   0.77   0.64   0.73   0.33   0.40   0.77   0.14 
  0.23   0.52   0.64   0.52   0.93   0.22   0.73   0.38   0.58 
  0.77   0.71   0.11   0.37   0.78   0.53   0.10   0.46   0.45 
  0.39   0.51   0.75   0.43   0.90   0.63   0.99   0.79   0.65 
  0.16   0.47   0.52   0.95   0.84   0.31   0.46   0.26   0.28 
---
