G_down: 9 10
  0.71   0.53   0.75   0.70   0.99   0.61   0.85   0.32   0.64   0.79 
  0.78   0.30   0.40   0.76   0.28   0.69   0.89   0.94   0.89   0.34 
  0.44   0.96   0.25   0.96   0.60   0.72   0.10   0.60   0.12   0.25 
  0.40   0.79   0.98   0.87   0.93   0.39   0.56   0.56   0.21   0.73 
  0.40   0.25   0.46   0.27   0.39   0.16   0.23   0.24   0.30   0.55 
  0.88   0.81   0.25   0.96   0.29   0.55   0.33   0.73   0.93   0.63 
  0.47   0.52   0.90   0.80   0.59   0.92   0.38   0.97   0.76   0.86 
  0.61   0.33   0.29   0.97   0.98   0.31   0.55   0.81   0.42   0.76 
  0.58   0.41   0.36   0.94   0.85   0.69   0.62   0.28   0.82   0.16 
---
G_right: 10 9
  0.52   0.49   0.26   0.83   0.24   0.52   0.75   0.28   0.38 
  0.57   0.80   0.44   0.15   0.78   0.54   0.38   0.26   0.21 
  0.43   0.23   0.93   0.21   0.61   0.40   0.53   0.18   0.82 
  0.54   0.86   0.55   0.46   0.47   0.35   0.52   0.62   0.23 
  0.52   0.28   0.88   0.26   0.27   0.17   0.31   0.70   0.78 
  0.97   0.46   0.30   0.25   0.80   0.17   0.72   0.61   0.71 
  0.26   0.84   0.49   0.62   0.81   0.26   0.17   0.70   0.76 
  0.41   0.23   0.26   0.31   0.34   0.38   0.74   0.86   0.47 
  0.24   0.44   0.33   0.27   0.85   0.59   0.68   0.71   0.22 
  0.97   0.22   0.36   0.95   0.77   0.31   0.71   0.29   0.62 
---
