G_down: 9 10
  0.27   0.92   0.33   0.17   0.62   0.61   0.67   0.17   0.87   0.16 
  0.22   0.28   0.54   0.18   0.86   0.74   0.11   0.72   0.25   0.32 
  0.89   0.73   0.79   0.27   0.73   0.30   0.81   0.43   0.62   0.29 
  0.80   0.15   0.32   0.14   0.64   0.95   0.39   0.86   0.85   0.78 
  0.51   0.19   0.60   0.92   0.81   0.52   0.14   0.65   0.40   0.28 
  0.32   0.65   0.57   0.48   0.75   0.58   0.83   0.74   0.92   0.90 
  0.94   0.26   0.47   0.91   0.35   0.80   0.29   0.74   0.94   0.21 
  0.46   0.71   0.42   0.35   0.46   0.18   0.31   0.25   0.74   0.88 
  0.38   0.69   0.68   0.11   0.89   0.89   0.96   0.84   0.96   0.97 
---
G_right: 10 9
  0.65   0.84   0.76   0.62   0.52   0.65   0.14   0.23   0.19 
  0.61   0.56   0.26   0.39   0.14   0.90   0.88   0.91   0.45 
  0.42   0.90   0.13   0.54   0.34   0.40   0.66   0.48   0.98 
  0.40   0.40   0.85   0.98   0.16   0.61   0.27   0.81   0.40 
  0.14   0.33   0.50   0.30   0.74   0.22   0.34   0.77   0.73 
  0.33   0.33   0.80   0.94   0.25   0.84   0.70   0.82   0.44 
  0.25   0.77   0.89   0.80   0.84   0.35   0.48   0.24   0.66 
  0.64   0.12   0.95   0.27   0.72   0.69   0.29   0.35   0.23 
  0.67   0.51   0.94   0.13   0.94   0.23   0.56   0.73   0.55 
  0.77   0.30   0.17   0.12   0.75   0.59   0.75   0.56   0.56 
---
G_diag: 9 9
  8.53   8.47   6.51   4.50   2.34   8.27   9.19   7.41   7.66 
  5.94   5.24   7.41   6.62   8.40   3.93   2.65   9.85   9.08 
  9.59   3.74   9.63   6.82   4.38   9.30   4.91   2.46   4.77 
  4.91   3.92   9.75   5.76   6.04   2.57   5.34   9.08   2.84 
  7.96   3.87   5.15   4.09   9.51   9.56   2.67   2.37   5.18 
  3.86   7.62   4.76   5.89   6.42   8.84   3.71   7.23   3.93 
  2.89   2.45   8.57   2.21   2.21   6.88   3.24   6.72   4.50 
  5.90   6.27   8.30   5.61   2.32   8.27   7.68   8.93   4.68 
  8.38   7.40   9.54   6.32   9.04   3.19   4.53   2.80   8.50 
---
