G_down: 9 10
  0.19   0.43   0.66   0.75   0.43   0.31   0.85   0.11   0.27   0.27 
  0.67   0.67   0.54   0.78   0.62   0.41   0.71   0.24   0.46   0.69 
  0.70   0.90   0.84   0.37   0.39   0.71   0.60   0.80   0.69   0.13 
  0.68   0.32   0.82   0.47   0.89   0.13   0.51   0.26   0.38   0.65 
  0.41   0.62   0.76   0.33   0.87   0.17   0.23   0.78   0.74   0.57 
  0.29   0.46   0.61   0.44   0.47   0.69   0.55   0.93   0.65   0.60 
  0.30   0.94   0.89   0.13   0.17   0.38   0.25   0.81   0.73   0.29 
  0.63   0.53   0.41   0.79   0.34   0.37   0.89   0.21   0.66   0.26 
  0.33   0.54   0.18   0.26   0.61   0.35   0.90   0.43   0.72   0.63 
---
G_right: 10 9
  0.88   0.75   0.78   0.80   0.44   0.34   0.68   0.63   0.11 
  0.25   0.66   0.58   0.64   0.89   0.33   0.65   0.59   0.40 
  0.76   0.27   0.58   0.86   0.68   0.14   0.99   0.48   0.57 
  0.15   0.32   0.29   0.48   0.96   0.60   0.71   0.15   0.64 
  0.92   0.76   0.86   0.11   0.11   0.50   0.69   0.54   0.39 
  0.69   0.88   0.13   0.61   0.16   0.37   0.29   0.68   0.50 
  0.82   0.82   0.75   0.26   0.33   0.81   0.65   0.56   0.55 
  0.84   0.65   0.91   0.32   0.74   0.50   0.34   0.28   0.81 
  0.32   0.24   0.16   0.14   0.93   0.36   0.89   0.40   0.34 
  0.33   0.96   0.60   0.53   0.73   0.98   0.64   0.22   0.61 
---
