G_down: 9 10
  0.42   0.55   0.40   0.41   0.53   0.93   0.81   0.70   0.71   0.23 
  0.94   0.73   0.87   0.15   0.80   0.71   0.44   0.40   0.64   0.24 
  0.30   0.94   0.76   0.66   0.95   0.40   0.14   0.72   0.23   0.62 
  0.93   0.96   0.61   0.26   0.18   0.96   0.68   0.21   0.23   0.83 
  0.25   0.44   0.20   0.12   0.23   0.97   0.20   0.86   0.64   0.11 
  0.97   0.25   0.72   0.87   0.42   0.64   0.76   0.84   0.44   0.66 
  0.11   0.61   0.64   0.60   0.25   0.16   0.47   0.40   0.38   0.84 
  0.83   0.34   0.73   0.93   0.48   0.66   0.67   0.29   0.75   0.37 
  0.30   0.65   0.39   0.83   0.40   0.95   0.33   0.44   0.44   0.30 
---
G_right: 10 9
  0.55   0.16   0.57   0.85   0.90   0.55   0.52   0.91   0.27 
  0.74   0.60   0.56   0.73   0.79   0.21   0.46   0.82   0.67 
  0.90   0.56   0.39   0.17   0.28   0.55   0.49   0.76   0.84 
  0.79   0.86   0.26   0.43   0.71   0.62   0.77   0.63   0.26 
  0.69   0.42   0.33   0.36   0.63   0.73   0.41   0.91   0.22 
  0.91   0.42   0.21   0.54   0.51   0.95   0.14   0.62   0.95 
  0.71   0.77   0.20   0.34   0.94   0.89   0.75   0.52   0.16 
  0.36   0.25   0.50   0.71   0.71   0.26   0.78   0.24   0.39 
  0.44   0.18   0.80   0.62   0.45   0.98   0.39   0.87   0.94 
  0.30   0.32   0.82   0.70   0.32   0.78   0.77   0.91   0.13 
---
G_diag: 9 9
  5.17   8.81   3.90   8.93   8.46   7.63   9.24   4.22   7.77 
  9.63   4.27   8.41   5.00   8.57   5.28   2.87   4.86   5.99 
  6.03   3.14   6.52   4.96   9.85   4.97   4.61   2.96   6.78 
  7.44   7.13   3.55   5.93   4.66   3.42   2.48   4.31   4.29 
  7.59   9.29   8.76   7.45   3.46   6.33   4.42   5.74   2.21 
  9.85   5.96   7.36   9.49   9.65   8.64   2.37   3.64   4.90 
  4.60   5.96   6.55   5.86   2.15   3.87   7.56   5.51   4.21 
  8.94   5.96   2.77   2.87   2.99   6.20   9.19   7.78   7.47 
  6.40   4.54   8.82   4.48   4.43   5.24   5.95   3.21   4.50 
---
