G_down: 9 10
  0.88   0.59   0.96   0.20   0.41   0.15   0.80   0.62   0.74   0.93 
  0.37   0.90   0.66   0.82   0.77   0.24   0.99   0.37   0.64   0.10 
  0.23   0.23   0.80   0.81   0.71   0.59   0.85   0.56   0.22   0.75 
  0.55   0.78   0.14   0.62   0.88   0.57   0.39   0.33   0.95   0.60 
  0.48   0.66   0.62   0.94   0.30   0.58   0.65   0.65   0.16   0.25 
  0.70   0.18   0.84   0.11   0.77   0.61   0.23   0.37   0.58   0.40 
  0.23   0.24   0.41   0.29   0.62   0.33   0.61   0.91   0.77   0.57 
  0.52   0.63   0.62   0.49   0.55   0.38   0.96   0.42   0.47   0.61 
  0.11   0.46   0.57   0.15   0.38   0.96   0.74   0.59   0.70   0.92 
---
G_right: 10 9
  0.57   0.30   0.19   0.50   0.81   0.67   0.28   0.54   0.95 
  0.35   0.17   0.37   0.59   0.12   0.38   0.63   0.25   0.91 
  0.35   0.48   0.73   0.70   0.40   0.98   0.37   0.61   0.36 
  0.50   0.95   0.13   0.15   0.77   0.24   0.62   0.70   0.98 
  0.89   0.22   0.21   0.38   0.73   0.11   0.78   0.22   0.95 
  0.83   0.31   0.74   0.61   0.68   0.67   0.27   0.30   0.74 
  0.33   0.24   0.34   0.24   0.95   0.24   0.73   0.56   0.50 
  0.46   0.18   0.61   0.30   0.98   0.21   0.36   0.21   0.12 
  0.44   0.66   0.70   0.76   0.78   0.43   0.15   0.17   0.13 
  0.23   0.55   0.38   0.47   0.43   0.65   0.32   0.61   0.96 
---
G_diag: 9 9
  8.60   4.17   8.98   9.26   5.29   8.62   5.70   4.58   5.24 
  2.60   9.13   3.34   7.93   2.44   5.21   3.28   7.60   6.04 
  2.49   9.90   8.89   8.36   7.29   5.08   2.54   8.78   6.93 
  4.20   8.91   5.22   3.39   3.73   8.08   3.96   4.24   7.15 
  6.98   4.49   7.87   4.27   2.13   4.37   3.19   9.09   3.69 
  5.37   8.83   8.32   2.49   2.93   4.54   8.88   4.63   3.19 
  2.55   2.31   6.33   6.80   3.55   4.57   6.52   3.77   6.28 
  3.92   7.90   9.35   7.10   2.70   8.08   4.45   6.96   3.79 
  3.14   4.21   4.49   7.50   7.34   4.77   7.69   8.37   8.47 
---
