G_down: 9 10
  0.93   0.27   0.92   0.83   0.84   0.29   0.38   0.26   0.58   0.82 
  0.79   0.93   0.85   0.38   0.43   0.38   0.54   0.92   0.20   0.35 
  0.94   0.25   0.28   0.24   0.41   0.14   0.63   0.82   0.11   0.62 
  0.96   0.25   0.96   0.34   0.23   0.66   0.71   0.88   0.74   0.31 
  0.88   0.57   0.14   0.33   0.85   0.11   0.77   0.87   0.32   0.13 
  0.12   0.94   0.48   0.55   0.53   0.35   0.96   0.98   0.29   0.24 
  0.55   0.44   0.21   0.12   0.18   0.32   0.50   0.46   0.84   0.74 
  0.88   0.38   0.98   0.85   0.14   0.66   0.90   0.81   0.13   0.98 
  0.67   0.45   0.19   0.67   0.90   0.71   0.79   0.86   0.51   0.34 
---
G_right: 10 9
  0.80   0.70   0.12   0.86   0.59   0.48   0.31   0.54   0.32 
  0.26   0.78   0.77   0.16   0.64   0.91   0.90   0.25   0.65 
  0.99   0.98   0.88   0.17   0.17   0.49   0.62   0.23   0.48 
  0.23   0.57   0.59   0.83   0.90   0.90   0.85   0.60   0.85 
  0.72   0.17   0.33   0.65   0.14   0.52   0.64   0.76   0.64 
  0.45   0.15   0.41   0.34   0.26   0.12   0.24   0.42   0.97 
  0.69   0.74   0.63   0.62   0.51   0.47   0.76   0.63   0.65 
  0.44   0.51   0.35   0.35   0.45   0.16   0.25   0.16   0.32 
  0.68   0.77   0.47   0.34   0.47   0.31   0.21   0.75   0.37 
  0.39   0.70   0.95   0.87   0.30   0.34   0.42   0.43   0.80 
---
G_diag: 9 9
  3.32   9.37   5.97   5.49   2.61   9.87   3.28   6.76   7.46 
  9.33   2.75   2.78   8.11   5.55   5.72   7.31   9.66   8.10 
  2.17   6.51   7.04   6.65   4.53   9.61   5.23   3.73   7.26 
  5.21   5.51   6.52   7.35   4.34   2.41   2.20   6.63   8.67 
  4.31   9.40   8.41   5.11   3.38   8.63   9.32   5.56   2.47 
  8.48   7.49   9.84   7.41   6.29   9.72   6.83   4.08   3.21 
  5.92   4.67   7.93   4.91   8.43   5.38   8.09   9.00   6.69 
  2.19   6.63   6.61   5.38   7.89   8.38   5.49   2.41   6.57 
  7.76   4.87   6.99   4.59   7.41   2.86   7.25   8.17   6.40 
---
