G_down: 9 10
  0.53   0.85   0.16   0.34   0.96   0.25   0.30   0.94   0.69   0.35 
  0.15   0.50   0.49   0.85   0.48   0.79   0.86   0.63   0.11   0.32 
  0.79   0.87   0.91   0.25   0.25   0.92   0.50   0.69   0.18   0.67 
  0.45   0.92   0.10   0.96   0.96   0.37   0.66   0.26   0.23   0.73 
  0.95   0.54   0.76   0.50   0.84   0.98   0.64   0.42   0.49   0.96 
  0.95   0.68   0.20   0.23   0.58   0.12   0.11   0.16   0.99   0.78 
  0.27   0.38   0.89   0.25   0.80   0.74   0.98   0.78   0.62   0.66 
  0.38   0.76   0.14   0.30   0.60   0.54   0.98   0.12   0.94   0.73 
  0.89   0.64   0.86   0.37   0.50   0.67   0.21   0.92   0.14   0.93 
---
G_right: 10 9
  0.64   0.86   0.97   0.13   0.41   0.72   0.94   0.67   0.27 
  0.21   0.17   0.54   0.92   0.63   0.66   0.22   0.61   0.29 
  0.61   0.15   0.49   0.50   0.83   0.11   0.46   0.59   0.20 
  0.40   0.15   0.61   0.68   0.47   0.18   0.95   0.90   0.88 
  0.80   0.16   0.73   0.32   0.42   0.73   0.19   0.26   0.93 
  0.87   0.17   0.95   0.16   0.61   0.33   0.94   0.71   0.99 
  0.33   0.37   0.33   0.72   0.54   0.44   0.94   0.45   0.31 
  0.90   0.75   0.44   0.86   0.27   0.83   0.79   0.99   0.67 
  0.52   0.21   0.20   0.37   0.23   0.14   0.97   0.22   0.89 
  0.48   0.51   0.17   0.54   0.74   0.12   0.42   0.82   0.71 
---
