G_down: 9 10
  0.25   0.49   0.24   0.95   0.27   0.14   0.88   0.28   0.74   0.28 
  0.92   0.70   0.17   0.38   0.13   0.73   0.32   0.59   0.38   0.96 
  0.28   0.63   0.63   0.17   0.19   0.55   0.54   0.92   0.80   0.97 
  0.29   0.10   0.44   0.71   0.48   0.85   0.14   0.64   0.97   0.86 
  0.96   0.79   0.57   0.67   0.20   0.36   0.40   0.26   0.15   0.62 
  0.46   0.73   0.69   0.24   0.25   0.16   0.77   0.16   0.87   0.16 
  0.53   0.77   0.22   0.94   0.79   0.25   0.11   0.58   0.27   0.59 
  0.74   0.85   0.67   0.44   0.50   0.23   0.48   0.34   0.51   0.28 
  0.27   0.87   0.24   0.15   0.13   0.51   0.24   0.63   0.91   0.93 
---
G_right: 10 9
  0.73   0.40   0.78   0.23   0.10   0.85   0.20   0.16   0.18 
  0.98   0.67   0.39   0.72   0.19   0.93   0.32   0.69   0.74 
  0.60   0.42   0.44   0.45   0.76   0.51   0.54   0.91   0.17 
  0.12   0.97   0.94   0.74   0.58   0.96   0.80   0.32   0.23 
  0.69   0.69   0.12   0.80   0.91   0.74   0.35   0.36   0.96 
  0.49   0.91   0.98   0.45   0.26   0.37   0.41   0.88   0.77 
  0.49   0.42   0.92   0.77   0.82   0.86   0.17   0.36   0.40 
  0.35   0.71   0.48   0.98   0.54   0.83   0.70   0.13   0.10 
  0.97   0.37   0.83   0.92   0.75   0.83   0.62   0.83   0.73 
  0.66   0.87   0.55   0.94   0.64   0.92   0.81   0.74   0.73 
---
G_diag: 9 9
  5.18   2.56   4.61   9.74   2.31   8.69   3.07   8.78   2.86 
  6.18   4.59   3.16   7.81   2.88   7.09   7.85   9.30   6.26 
  9.38   9.78   3.33   7.90   7.76   2.97   8.10   6.07   4.02 
  3.04   4.67   4.35   7.16   3.13   3.27   4.33   7.40   9.40 
  3.39   3.40   5.64   6.58   7.62   6.65   2.33   3.68   2.96 
  5.29   2.46   3.90   6.51   3.69   2.63   8.18   3.76   3.03 
  3.45   6.38   7.78   9.84   6.41   3.64   2.83   3.27   2.26 
  8.54   9.03   8.80   9.36   5.16   4.65   6.37   4.42   8.92 
  4.45   8.64   4.76   3.33   4.33   5.99   9.43   8.64   5.04 
---
