G_down: 9 10
  0.70   0.23   0.24   0.23   0.51   0.19   0.81   0.90   0.51   0.93 
  0.14   0.34   0.55   0.92   0.22   0.83   0.17   0.50   0.42   0.87 
  0.52   0.71   0.92   0.41   0.87   0.67   0.59   0.47   0.78   0.21 
  0.22   0.92   0.66   0.20   0.82   0.79   0.13   0.23   0.58   0.47 
  0.53   0.71   0.16   0.43   0.10   0.96   0.32   0.17   0.31   0.94 
  0.23   0.71   0.57   0.28   0.52   0.46   0.84   0.20   0.39   0.45 
  0.41   0.62   0.72   0.80   0.84   0.49   0.53   0.11   0.29   0.96 
  0.85   0.48   0.30   0.19   0.96   0.48   0.81   0.30   0.35   0.85 
  0.13   0.41   0.13   0.67   0.39   0.87   0.71   0.71   0.48   0.73 
---
G_right: 10 9
  0.67   0.73   0.45   0.78   0.28   0.88   0.95   0.20   0.83 
  0.19   0.95   0.97   0.13   0.38   0.13   0.42   0.21   0.54 
  0.84   0.38   0.25   0.43   0.10   0.92   0.12   0.36   0.62 
  0.78   0.28   0.74   0.93   0.63   0.39   0.12   0.86   0.79 
  0.94   0.71   0.61   0.49   0.35   0.76   0.35   0.64   0.87 
  0.59   0.36   0.57   0.36   0.18   0.56   0.43   0.49   0.62 
  0.34   0.35   0.12   0.17   0.41   0.30   0.98   0.11   0.44 
  0.97   0.60   0.46   0.87   0.94   0.10   0.36   0.18   0.94 
  0.12   0.52   0.91   0.31   0.71   0.16   0.83   0.10   0.21 
  0.78   0.11   0.87   0.93   0.79   0.22   0.77   0.13   0.56 
---
G_diag: 9 9
  7.69   4.04   8.90   6.62   7.63   7.83   5.04   8.45   4.96 
  5.27   4.83   7.92   5.01   6.58   6.47   6.19   2.97   8.15 
  5.62   2.29   4.35   4.57   6.39   2.50   3.99   3.30   8.15 
  2.46   4.31   5.73   6.11   8.61   6.98   6.92   2.36   5.81 
  5.09   2.29   8.10   8.79   6.56   3.15   7.09   9.14   7.89 
  8.53   6.57   9.06   8.38   7.76   2.88   2.29   4.50   2.58 
  5.24   2.74   2.12   9.42   5.74   9.47   8.86   9.84   2.49 
  4.10   9.41   4.52   7.09   2.73   9.34   3.55   9.50   5.98 
  5.22   8.53   5.76   6.87   6.36   5.07   7.94   3.53   5.17 
---
