G_down: 9 10
  0.56   0.75   0.23   0.62   0.74   0.72   0.36   0.79   0.31   0.55 
  0.85   0.36   0.60   0.15   0.63   0.27   0.66   0.48   0.58   0.30 
  0.82   0.66   0.79   0.52   0.69   0.79   0.32   0.99   0.36   0.94 
  0.62   0.18   0.18   0.60   0.23   0.52   0.17   0.44   0.73   0.28 
  0.79   0.88   0.32   0.53   0.82   0.44   0.69   0.36   0.68   0.45 
  0.47   0.43   0.81   0.72   0.13   0.48   0.87   0.60   0.93   0.82 
  0.96   0.69   0.60   0.28   0.62   0.79   0.36   0.55   0.63   0.88 
  0.94   0.94   0.71   0.22   0.15   0.80   0.15   0.93   0.45   0.25 
  0.57   0.53   0.46   0.57   0.43   0.20   0.45   0.57   0.94   0.48 
---
G_right: 10 9
  0.17   0.18   0.60   0.32   0.95   0.13   0.66   0.80   0.15 
  0.27   0.90   0.67   0.86   0.46   0.32   0.54   0.60   0.81 
  0.19   0.47   0.40   0.82   0.53   0.23   0.26   0.20   0.94 
  0.80   0.33   0.84   0.59   0.37   0.18   0.22   0.98   0.43 
  0.84   0.39   0.55   0.85   0.14   0.50   0.55   0.36   0.27 
  0.39   0.86   0.66   0.12   0.91   0.19   0.69   0.19   0.81 
  0.98   0.55   0.85   0.43   0.62   0.80   0.58   0.64   0.26 
  0.71   0.83   0.45   0.62   0.18   0.19   0.47   0.76   0.79 
  0.34   0.78   0.38   0.37   0.26   0.82   0.27   0.64   0.11 
  0.24   0.63   0.75   0.51   0.33   0.32   0.51   0.89   0.27 
---
G_diag: 9 9
  7.12   5.07   8.57   7.35   6.08   8.30   2.42   2.83   7.80 
  5.22   4.15   9.09   7.68   3.02   3.79   8.50   4.31   3.18 
  7.89   4.94   7.05   4.42   6.77   7.81   8.54   8.22   3.23 
  6.78   7.95   8.02   7.61   4.43   6.86   8.11   7.85   9.02 
  2.68   5.93   8.00   3.03   9.59   7.23   4.32   9.50   5.05 
  3.58   3.20   6.69   9.52   9.26   3.57   5.37   6.89   4.96 
  6.93   9.51   5.64   8.49   2.45   5.00   3.58   3.05   2.27 
  7.28   6.41   9.32   8.41   6.87   3.50   7.94   2.31   7.66 
  6.35   8.04   3.39   5.71   4.32   6.43   9.82   8.81   8.29 
---
