G_down: 9 10
  0.38   0.54   0.24   0.40   0.66   0.19   0.43   0.77   0.64   0.82 
  0.58   0.67   0.29   0.23   0.28   0.22   0.41   0.92   0.73   0.44 
  0.52   0.44   0.23   0.58   0.57   0.41   0.59   0.11   0.34   0.65 
  0.69   0.47   0.44   0.45   0.13   0.82   0.71   0.44   0.61   0.69 
  0.24   0.76   0.81   0.79   0.48   0.65   0.39   0.35   0.16   0.65 
  0.55   0.60   0.50   0.85   0.99   0.62   0.94   0.82   0.82   0.18 
  0.89   0.43   0.71   0.18   0.56   0.75   0.93   0.40   0.54   0.34 
  0.98   0.79   0.54   0.60   0.20   0.63   0.26   0.59   0.11   0.38 
  0.91   0.36   0.60   0.89   0.17   0.67   0.68   0.27   0.58   0.65 
---
G_right: 10 9
  0.67   0.15   0.96   0.76   0.71   0.25   0.57   0.56   0.28 
  0.86   0.36   0.83   0.57   0.51   0.19   0.83   0.22   0.98 
  0.57   0.21   0.17   0.37   0.71   0.10   0.94   0.69   0.47 
  0.72   0.52   0.51   0.75   0.55   0.31   0.79   0.37   0.14 
  0.35   0.61   0.51   0.50   0.94   0.42   0.94   0.68   0.87 
  0.25   0.79   0.37   0.81   0.84   0.69   0.28   0.85   0.33 
  0.36   0.54   0.19   0.66   0.63   0.59   0.24   0.73   0.30 
  0.39   0.45   0.93   0.18   0.88   0.45   0.41   0.34   0.59 
  0.86   0.87   0.91   0.56   0.89   0.45   0.52   0.66   0.96 
  0.69   0.68   0.57   0.18   0.73   0.34   0.37   0.54   0.39 
---
