G_down: 9 10
  0.62   0.43   0.97   0.36   0.79   0.65   0.20   0.71   0.31   0.12 
  0.24   0.75   0.57   0.46   0.39   0.28   0.58   0.86   0.83   0.62 
  0.69   0.54   0.32   0.52   0.98   0.73   0.68   0.12   0.40   0.13 
  0.74   0.69   0.79   0.76   0.73   0.97   0.98   0.43   0.27   0.46 
  0.52   0.55   0.78   0.31   0.36   0.20   0.19   0.33   0.73   0.52 
  0.45   0.19   0.16   0.53   0.49   0.60   0.77   0.62   0.91   0.35 
  0.35   0.96   0.74   0.40   0.45   0.91   0.39   0.22   0.88   0.75 
  0.73   0.44   0.74   0.28   0.54   0.36   0.88   0.56   0.64   0.47 
  0.24   0.30   0.71   0.27   0.41   0.50   0.76   0.96   0.78   0.65 
---
G_right: 10 9
  0.10   0.59   0.50   0.52   0.49   0.54   0.50   0.77   0.40 
  0.90   0.28   0.17   0.34   0.84   0.41   0.33   0.25   0.45 
  0.45   0.43   0.50   0.40   0.34   0.74   0.17   0.60   0.30 
  0.30   0.97   0.76   0.43   0.63   0.54   0.71   0.19   0.84 
  0.86   0.75   0.18   0.82   0.83   0.40   0.14   0.31   0.60 
  0.43   0.68   0.17   0.18   0.24   0.12   0.68   0.66   0.24 
  0.59   0.12   0.86   0.68   0.38   0.85   0.14   0.74   0.62 
  0.71   0.51   0.40   0.84   0.26   0.80   0.82   0.93   0.82 
  0.76   0.83   0.72   0.14   0.64   0.20   0.84   0.71   0.60 
  0.56   0.62   0.98   0.62   0.37   0.21   0.70   0.44   0.41 
---
G_diag: 9 9
  5.21   9.30   6.35   5.92   5.32   6.22   2.28   4.30   5.45 
  2.70   9.32   3.69   5.37   8.66   3.05   9.12   9.50   8.57 
  2.28   2.38   4.80   8.88   9.61   3.45   6.94   5.37   5.68 
  8.75   6.40   2.98   6.95   5.66   5.90   9.36   4.10   5.54 
  2.88   7.38   8.61   6.73   6.65   3.87   3.74   9.16   7.28 
  6.69   3.38   5.02   3.62   9.41   5.50   6.82   3.58   5.21 
  6.76   3.44   5.38   8.50   6.28   4.37   6.95   4.39   5.86 
  3.31   7.15   2.61   2.13   9.64   8.44   2.21   3.28   3.60 
  4.69   3.97   5.72   4.65   7.18   2.53   8.22   5.51   9.49 
---
