G_down: 9 10
  0.58   0.58   0.29   0.59   0.73   0.64   0.78   0.97   0.26   0.21 
  0.14   0.67   0.90   0.18   0.60   0.76   0.86   0.56   0.99   0.74 
  0.51   0.85   0.53   0.22   0.57   0.95   0.91   0.80   0.64   0.22 
  0.48   0.77   0.24   0.69   0.17   0.22   0.17   0.18   0.98   0.61 
  0.30   0.13   0.65   0.68   0.48   0.24   0.21   0.22   0.93   0.15 
  0.70   0.17   0.13   0.43   0.30   0.69   0.82   0.81   0.91   0.58 
  0.53   0.52   0.47   0.20   0.49   0.67   0.94   0.53   0.36   0.87 
  0.20   0.61   0.11   0.61   0.25   0.33   0.33   0.48   0.25   0.42 
  0.87   0.32   0.19   0.48   0.52   0.21   0.37   0.73   0.65   0.55 
---
G_right: 10 9
  0.85   0.22   0.94   0.85   0.90   0.74   0.63   0.25   0.25 
  0.98   0.68   0.98   0.11   0.85   0.21   0.66   0.99   0.59 
  0.76   0.70   0.73   0.34   0.12   0.26   0.67   0.60   0.80 
  0.39   0.51   0.71   0.37   0.56   0.62   0.59   0.49   0.22 
  0.69   0.60   0.96   0.21   0.71   0.70   0.84   0.69   0.70 
  0.94   0.78   0.55   0.84   0.30   0.57   0.17   0.45   0.59 
  0.20   0.47   0.49   0.17   0.19   0.11   0.45   0.37   0.40 
  0.19   0.99   0.76   0.29   0.60   0.45   0.63   0.57   0.88 
  0.47   0.37   0.47   0.83   0.13   0.18   0.30   0.44   0.59 
  0.96   0.74   0.79   0.51   0.37   0.93   0.54   0.20   0.50 
---
G_diag: 9 9
  3.33   5.96   7.12   7.67   5.87   5.02   4.66   5.34   3.80 
  7.85   4.48   4.13   5.46   8.27   3.83   8.53   8.26   7.00 
  8.19   3.76   5.30   2.98   2.41   2.54   6.44   5.86   8.98 
  5.01   6.60   5.40   5.21   9.15   7.17   9.72   9.86   4.88 
  6.89   4.64   2.85   2.89   3.05   3.51   9.66   9.39   8.36 
  3.77   3.81   6.48   7.61   3.23   4.43   8.37   2.80   6.11 
  9.24   6.61   5.27   5.48   5.75   9.53   4.84   6.54   7.89 
  3.49   3.73   8.85   2.79   2.74   3.79   6.51   8.96   5.50 
  8.59   7.76   9.18   9.50   4.51   8.02   5.04   6.25   3.16 
---
