G_down: 9 10
  0.25   0.55   0.81   0.32   0.56   0.99   0.62   0.27   0.33   0.69 
  0.38   0.83   0.87   0.73   0.72   0.19   0.92   0.25   0.38   0.18 
  0.36   0.21   0.51   0.28   0.47   0.99   0.48   0.98   0.50   0.87 
  0.13   0.43   0.97   0.30   0.42   0.70   0.78   0.49   0.46   0.47 
  0.13   0.55   0.26   0.26   0.19   0.40   0.65   0.30   0.86   0.13 
  0.71   0.57   0.87   0.98   0.85   0.63   0.41   0.37   0.71   0.26 
  0.20   0.77   0.80   0.75   0.98   0.89   0.17   0.25   0.13   0.22 
  0.36   0.29   0.40   0.87   0.18   0.56   0.21   0.70   0.81   0.28 
  0.12   0.63   0.80   0.44   0.31   0.61   0.95   0.55   0.53   0.44 
---
G_right: 10 9
  0.85   0.60   0.21   0.90   0.91   0.81   0.97   0.68   0.41 
  0.31   0.57   0.43   0.62   0.86   0.18   0.37   0.22   0.79 
  0.11   0.47   0.96   0.67   0.40   0.19   0.58   0.51   0.24 
  0.80   0.67   0.80   0.23   0.99   0.29   0.77   0.12   0.45 
  0.62   0.63   0.20   0.93   0.11   0.70   0.29   0.70   0.47 
  0.49   0.11   0.83   0.13   0.26   0.35   0.49   0.94   0.65 
  0.99   0.32   0.39   0.44   0.12   0.37   0.34   0.33   0.73 
  0.72   0.94   0.20   0.97   0.41   0.64   0.31   0.64   0.51 
  0.45   0.28   0.26   0.79   0.28   0.56   0.48   0.96   0.54 
  0.53   0.45   0.55   0.46   0.26   0.66   0.43   0.56   0.31 
---
G_diag: 9 9
  2.63   7.13   5.85   7.26   7.13   6.82   6.83   6.35   8.33 
  3.99   3.43   6.44   5.81   9.23   9.14   2.30   6.86   9.46 
  5.56   8.63   8.96   4.40   5.66   9.30   7.87   3.79   7.76 
  2.74   2.21   4.44   3.56   6.85   6.13   6.10   5.02   8.91 
  8.74   8.71   8.71   4.06   5.34   3.62   5.37   4.91   9.00 
  8.06   7.40   5.20   5.09   7.30   6.62   5.10   6.04   7.25 
  9.12   3.04   4.04   3.94   3.15   2.48   3.39   7.37   7.41 
  9.45   8.21   6.33   4.11   9.32   2.21   7.45   8.03   6.55 
  2.33   4.14   3.99   3.62   4.94   3.55   6.08   5.94   7.45 
---
