G_down: 9 10
  0.45   0.26   0.82   0.62   0.31   0.63   0.76   0.12   0.71   0.81 
  0.73   0.39   0.60   0.97   0.56   0.13   0.97   0.63   0.32   0.32 
  0.92   0.57   0.25   0.11   0.56   0.17   0.52   0.47   0.94   0.76 
  0.81   0.60   0.93   0.59   0.30   0.22   0.73   0.61   0.81   0.37 
  0.89   0.23   0.76   0.54   0.11   0.20   0.40   0.87   0.57   0.83 
  0.13   0.72   0.44   0.46   0.93   0.85   0.52   0.82   0.25   0.43 
  0.25   0.93   0.49   0.71   0.51   0.30   0.50   0.30   0.22   0.87 
  0.51   0.34   0.60   0.69   0.81   0.22   0.12   0.45   0.75   0.91 
  0.15   0.64   0.98   0.87   0.33   0.95   0.62   0.27   0.11   0.50 
---
G_right: 10 9
  0.40   0.91   0.15   0.44   0.99   0.77   0.24   0.97   0.74 
  0.95   0.97   0.47   0.14   0.94   0.79   0.84   0.23   0.96 
  0.83   0.84   0.34   0.11   0.35   0.26   0.86   0.58   0.43 
  0.89   0.74   0.21   0.16   0.21   0.91   0.72   0.85   0.61 
  0.15   0.33   0.58   0.30   0.27   0.40   0.45   0.21   0.15 
  0.93   0.54   0.98   0.17   0.18   0.62   0.79   0.51   0.83 
  0.81   0.43   0.19   0.70   0.24   0.48   0.28   0.88   0.41 
  0.92   0.24   0.34   0.16   0.95   0.34   0.26   0.66   0.72 
  0.31   0.29   0.98   0.50   0.61   0.14   0.57   0.53   0.26 
  0.43   0.26   0.30   0.84   0.58   0.68   0.54   0.58   0.95 
---
G_diag: 9 9
  7.73   5.88   7.01   9.41   7.82   3.13   5.13   3.09   6.10 
  7.39   2.85   4.07   6.79   9.37   7.19   4.49   7.32   4.93 
  6.16   9.79   8.63   2.85   2.92   4.52   7.17   7.07   4.40 
  7.93   5.78   6.18   6.42   5.52   2.30   7.65   8.86   6.58 
  5.78   7.33   2.52   7.86   9.82   2.42   8.00   3.15   7.09 
  5.06   7.81   7.94   4.11   4.38   8.11   2.95   5.66   6.54 
  8.88   2.38   9.28   6.12   4.31   7.92   5.73   4.28   9.08 
  8.79   5.43   7.26   4.90   6.03   8.91   9.37   8.23   4.15 
  3.30   6.71   7.58   4.01   4.04   8.87   9.06   6.75   3.75 
---
