G_down: 9 10
  0.11   0.77   0.40   0.68   0.56   0.11   0.69   0.94   0.67   0.63 
  0.11   0.52   0.36   0.64   0.32   0.39   0.24   0.91   0.61   0.13 
  0.78   0.64   0.26   0.40   0.92   0.93   0.80   0.16   0.40   0.86 
  0.71   0.42   0.26   0.69   0.85   0.66   0.72   0.94   0.12   0.55 
  0.88   0.39   0.41   0.32   0.69   0.32   0.19   0.75   0.91   0.26 
  0.36   0.77   0.98   0.26   0.62   0.62   0.36   0.92   0.15   0.25 
  0.70   0.77   0.17   0.87   0.78   0.28   0.55   0.73   0.87   0.70 
  0.88   0.53   0.96   0.97   0.39   0.86   0.17   0.69   0.65   0.38 
  0.24   0.55   0.44   0.55   0.71   0.28   0.28   0.80   0.64   0.90 
---
G_right: 10 9
  0.19   0.51   0.59   0.92   0.14   0.62   0.59   0.86   0.54 
  0.37   0.53   0.98   0.83   0.13   0.22   0.28   0.24   0.92 
  0.85   0.61   0.62   0.80   0.95   0.62   0.82   0.58   0.15 
  0.38   0.67   0.83   0.71   0.66   0.27   0.71   0.58   0.99 
  0.77   0.66   0.66   0.11   0.46   0.71   0.90   0.11   0.35 
  0.30   0.44   0.35   0.79   0.50   0.13   0.79   0.35   0.24 
  0.69   0.62   0.51   0.66   0.96   0.94   0.11   0.91   0.87 
  0.97   0.93   0.46   0.30   0.87   0.36   0.21   0.43   0.42 
  0.40   0.34   0.33   0.30   0.50   0.38   0.27   0.26   0.70 
  0.50   0.51   0.93   0.53   0.14   0.79   0.34   0.99   0.35 
---
G_diag: 9 9
  9.28   5.31   3.63   4.97   8.39   2.56   5.84   3.26   6.21 
  8.65   5.17   5.35   7.65   4.71   6.07   6.71   6.38   5.33 
  2.71   5.75   3.01   3.88   2.65   3.17   2.60   3.80   5.91 
  5.14   4.28   6.79   5.74   6.67   3.80   3.44   2.15   7.76 
  2.43   8.94   7.53   3.20   9.05   7.84   3.49   7.02   4.42 
  8.43   5.59   6.86   2.11   3.57   3.94   8.86   5.13   4.74 
  4.24   9.90   6.43   5.58   2.11   5.40   6.07   9.30   5.67 
  4.50   3.86   9.45   6.08   5.60   9.59   4.52   4.03   4.77 
  2.35   4.98   3.12   7.56   9.57   5.05   7.71   6.53   2.71 
---
